0 0.624000 0.395405 0.047198 0.028933
0 0.638481 0.401033 0.047198 0.028933
0 0.639196 0.402316 0.047198 0.028933
0 0.602801 0.402890 0.047198 0.028933
0 0.639053 0.403191 0.047198 0.028933
0 0.640482 0.403163 0.047198 0.028933
0 0.634118 0.403775 0.047198 0.028933
0 0.638148 0.403819 0.047198 0.028933
0 0.640530 0.404392 0.047198 0.028933
0 0.639291 0.405130 0.047198 0.028933
0 0.637910 0.405130 0.047198 0.028933
0 0.611376 0.405622 0.047198 0.028933
0 0.636433 0.405950 0.047198 0.028933
0 0.626858 0.405950 0.047198 0.028933
0 0.620522 0.406305 0.047198 0.028933
0 0.641054 0.406277 0.047198 0.028933
0 0.642292 0.406906 0.047198 0.028933
0 0.624524 0.407315 0.047198 0.028933
0 0.620236 0.408982 0.047198 0.028933
0 0.634909 0.409391 0.047198 0.028933
0 0.629430 0.409528 0.047198 0.028933
0 0.622094 0.409719 0.047198 0.028933
0 0.641054 0.409774 0.047198 0.028933
0 0.632241 0.409856 0.047198 0.028933
0 0.628620 0.410074 0.047198 0.028933
0 0.637005 0.410074 0.047198 0.028933
0 0.628906 0.410402 0.047198 0.028933
0 0.630383 0.411249 0.047198 0.028933
0 0.634956 0.412041 0.047198 0.028933
0 0.619159 0.412189 0.047198 0.028933
0 0.619808 0.412369 0.047198 0.028933
0 0.634480 0.412369 0.047198 0.028933
0 0.630097 0.412478 0.047198 0.028933
0 0.624143 0.412779 0.047198 0.028933
0 0.626286 0.413462 0.047198 0.028933
0 0.626810 0.413817 0.047198 0.028933
0 0.628620 0.414418 0.047198 0.028933
0 0.630192 0.414882 0.047198 0.028933
0 0.629097 0.415510 0.047198 0.028933
0 0.630716 0.416166 0.047198 0.028933
0 0.618426 0.416958 0.047198 0.028933
0 0.626858 0.417067 0.047198 0.028933
0 0.620522 0.417422 0.047198 0.028933
0 0.621284 0.417559 0.047198 0.028933
0 0.622428 0.417586 0.047198 0.028933
0 0.623428 0.417805 0.047198 0.028933
0 0.623763 0.395980 0.047198 0.028933
0 0.624170 0.396190 0.047198 0.028933
0 0.624525 0.396003 0.047198 0.028933
0 0.623590 0.396201 0.047198 0.028933
0 0.621474 0.395461 0.047198 0.028933
0 0.620569 0.395927 0.047198 0.028933
0 0.620366 0.395676 0.047198 0.028933
0 0.619817 0.394824 0.047198 0.028933
0 0.619196 0.394603 0.047198 0.028933
0 0.618278 0.394488 0.047198 0.028933
0 0.617499 0.394904 0.047198 0.028933
0 0.617351 0.395415 0.047198 0.028933
0 0.617080 0.395726 0.047198 0.028933
0 0.617753 0.395932 0.047198 0.028933
0 0.619205 0.395731 0.047198 0.028933
0 0.616285 0.394863 0.047198 0.028933
0 0.616026 0.395210 0.047198 0.028933
0 0.615474 0.395107 0.047198 0.028933
0 0.613290 0.395601 0.047198 0.028933
0 0.609909 0.395825 0.047198 0.028933
0 0.610356 0.396192 0.047198 0.028933
0 0.611472 0.396610 0.047198 0.028933
0 0.612030 0.396666 0.047198 0.028933
0 0.612511 0.397376 0.047198 0.028933
0 0.613088 0.397359 0.047198 0.028933
0 0.613910 0.397045 0.047198 0.028933
0 0.614527 0.397387 0.047198 0.028933
0 0.614860 0.397701 0.047198 0.028933
0 0.615369 0.397606 0.047198 0.028933
0 0.613450 0.397870 0.047198 0.028933
0 0.615926 0.397353 0.047198 0.028933
0 0.614439 0.398745 0.047198 0.028933
0 0.609858 0.398133 0.047198 0.028933
0 0.610098 0.396439 0.047198 0.028933
0 0.607488 0.398773 0.047198 0.028933
0 0.606507 0.398191 0.047198 0.028933
0 0.604104 0.397502 0.047198 0.028933
0 0.602788 0.398134 0.047198 0.028933
0 0.602533 0.398688 0.047198 0.028933
0 0.603148 0.398579 0.047198 0.028933
0 0.603517 0.398840 0.047198 0.028933
0 0.603858 0.398639 0.047198 0.028933
0 0.604568 0.398731 0.047198 0.028933
0 0.601860 0.399269 0.047198 0.028933
0 0.604312 0.399969 0.047198 0.028933
0 0.605959 0.400034 0.047198 0.028933
0 0.604838 0.399354 0.047198 0.028933
0 0.607333 0.399889 0.047198 0.028933
0 0.607656 0.399566 0.047198 0.028933
0 0.607619 0.400589 0.047198 0.028933
0 0.607887 0.400244 0.047198 0.028933
0 0.606899 0.400991 0.047198 0.028933
0 0.605928 0.400573 0.047198 0.028933
0 0.606233 0.401129 0.047198 0.028933
0 0.605272 0.400880 0.047198 0.028933
0 0.603692 0.401352 0.047198 0.028933
0 0.602662 0.400942 0.047198 0.028933
0 0.601855 0.401174 0.047198 0.028933
0 0.603254 0.402081 0.047198 0.028933
0 0.603733 0.402372 0.047198 0.028933
0 0.603409 0.402748 0.047198 0.028933
0 0.600927 0.402343 0.047198 0.028933
0 0.600204 0.401095 0.047198 0.028933
0 0.599866 0.403410 0.047198 0.028933
0 0.597339 0.403896 0.047198 0.028933
0 0.601997 0.403660 0.047198 0.028933
0 0.605358 0.403311 0.047198 0.028933
0 0.599866 0.405489 0.047198 0.028933
0 0.601177 0.405717 0.047198 0.028933
0 0.596995 0.405041 0.047198 0.028933
0 0.602479 0.405357 0.047198 0.028933
0 0.603014 0.405664 0.047198 0.028933
0 0.605897 0.405670 0.047198 0.028933
0 0.605174 0.406067 0.047198 0.028933
0 0.605551 0.405411 0.047198 0.028933
0 0.597772 0.407240 0.047198 0.028933
0 0.598636 0.407367 0.047198 0.028933
0 0.599254 0.407427 0.047198 0.028933
0 0.596873 0.407708 0.047198 0.028933
0 0.597457 0.407628 0.047198 0.028933
0 0.599161 0.406744 0.047198 0.028933
0 0.599569 0.407026 0.047198 0.028933
0 0.600153 0.406664 0.047198 0.028933
0 0.600631 0.406965 0.047198 0.028933
0 0.601308 0.406537 0.047198 0.028933
0 0.602254 0.406959 0.047198 0.028933
0 0.601250 0.407708 0.047198 0.028933
0 0.601647 0.408009 0.047198 0.028933
0 0.600724 0.410376 0.047198 0.028933
0 0.601474 0.409905 0.047198 0.028933
0 0.602078 0.409190 0.047198 0.028933
0 0.603384 0.408185 0.047198 0.028933
0 0.603844 0.408324 0.047198 0.028933
0 0.604243 0.408074 0.047198 0.028933
0 0.602671 0.408698 0.047198 0.028933
0 0.604775 0.407534 0.047198 0.028933
0 0.605270 0.407755 0.047198 0.028933
0 0.604351 0.407332 0.047198 0.028933
0 0.603940 0.407665 0.047198 0.028933
0 0.605742 0.407256 0.047198 0.028933
0 0.606854 0.407131 0.047198 0.028933
0 0.607592 0.408296 0.047198 0.028933
0 0.607942 0.408338 0.047198 0.028933
0 0.608511 0.408476 0.047198 0.028933
0 0.608511 0.407998 0.047198 0.028933
0 0.609393 0.408359 0.047198 0.028933
0 0.609973 0.408109 0.047198 0.028933
0 0.608361 0.408988 0.047198 0.028933
0 0.609198 0.409255 0.047198 0.028933
0 0.609694 0.409593 0.047198 0.028933
0 0.610439 0.409406 0.047198 0.028933
0 0.599929 0.411803 0.047198 0.028933
0 0.600717 0.412987 0.047198 0.028933
0 0.600058 0.412913 0.047198 0.028933
0 0.602403 0.411734 0.047198 0.028933
0 0.602054 0.412164 0.047198 0.028933
0 0.601226 0.412444 0.047198 0.028933
0 0.602324 0.412822 0.047198 0.028933
0 0.600498 0.412444 0.047198 0.028933
0 0.600627 0.412198 0.047198 0.028933
0 0.603252 0.411792 0.047198 0.028933
0 0.601126 0.413399 0.047198 0.028933
0 0.606209 0.412139 0.047198 0.028933
0 0.607363 0.411693 0.047198 0.028933
0 0.606907 0.411916 0.047198 0.028933
0 0.606652 0.411254 0.047198 0.028933
0 0.609069 0.411392 0.047198 0.028933
0 0.608545 0.411030 0.047198 0.028933
0 0.608518 0.411492 0.047198 0.028933
0 0.610666 0.410345 0.047198 0.028933
0 0.612627 0.410399 0.047198 0.028933
0 0.612157 0.409922 0.047198 0.028933
0 0.608293 0.414881 0.047198 0.028933
0 0.609411 0.414418 0.047198 0.028933
0 0.610616 0.414679 0.047198 0.028933
0 0.611403 0.414255 0.047198 0.028933
0 0.611829 0.414332 0.047198 0.028933
0 0.611317 0.413657 0.047198 0.028933
0 0.611905 0.413021 0.047198 0.028933
0 0.610028 0.413445 0.047198 0.028933
0 0.608596 0.413956 0.047198 0.028933
0 0.609136 0.413831 0.047198 0.028933
0 0.610464 0.413440 0.047198 0.028933
0 0.610710 0.413750 0.047198 0.028933
0 0.613478 0.414603 0.047198 0.028933
0 0.614543 0.415319 0.047198 0.028933
0 0.615652 0.416474 0.047198 0.028933
0 0.617048 0.416016 0.047198 0.028933
0 0.617336 0.416960 0.047198 0.028933
0 0.618594 0.417275 0.047198 0.028933
0 0.624939 0.417350 0.047198 0.028933
0 0.625114 0.416872 0.047198 0.028933
0 0.625450 0.416403 0.047198 0.028933
0 0.624851 0.416495 0.047198 0.028933
0 0.623287 0.416193 0.047198 0.028933
0 0.622336 0.416378 0.047198 0.028933
0 0.625655 0.417325 0.047198 0.028933
0 0.627570 0.416839 0.047198 0.028933
0 0.628404 0.416613 0.047198 0.028933
0 0.627439 0.415472 0.047198 0.028933
0 0.625991 0.415934 0.047198 0.028933
0 0.626386 0.415825 0.047198 0.028933
0 0.626123 0.415280 0.047198 0.028933
0 0.626240 0.414793 0.047198 0.028933
0 0.625143 0.414131 0.047198 0.028933
0 0.622629 0.413829 0.047198 0.028933
0 0.621503 0.413519 0.047198 0.028933
0 0.619237 0.412563 0.047198 0.028933
0 0.620056 0.413586 0.047198 0.028933
0 0.620714 0.413821 0.047198 0.028933
0 0.620026 0.413008 0.047198 0.028933
0 0.620114 0.412480 0.047198 0.028933
0 0.621781 0.413217 0.047198 0.028933
0 0.623959 0.413050 0.047198 0.028933
0 0.627150 0.414241 0.047198 0.028933
0 0.629874 0.416537 0.047198 0.028933
0 0.633348 0.416917 0.047198 0.028933
0 0.632376 0.415837 0.047198 0.028933
0 0.631920 0.415558 0.047198 0.028933
0 0.635011 0.415474 0.047198 0.028933
0 0.636631 0.415710 0.047198 0.028933
0 0.631464 0.414714 0.047198 0.028933
0 0.631464 0.414393 0.047198 0.028933
0 0.632597 0.414874 0.047198 0.028933
0 0.633819 0.415178 0.047198 0.028933
0 0.635262 0.414942 0.047198 0.028933
0 0.634864 0.415119 0.047198 0.028933
0 0.635718 0.414773 0.047198 0.028933
0 0.637558 0.415229 0.047198 0.028933
0 0.637426 0.415026 0.047198 0.028933
0 0.638473 0.414669 0.047198 0.028933
0 0.637989 0.414452 0.047198 0.028933
0 0.637262 0.414313 0.047198 0.028933
0 0.639305 0.414912 0.047198 0.028933
0 0.639623 0.414782 0.047198 0.028933
0 0.639563 0.414357 0.047198 0.028933
0 0.639245 0.413775 0.047198 0.028933
0 0.639411 0.414044 0.047198 0.028933
0 0.639759 0.413706 0.047198 0.028933
0 0.640002 0.414391 0.047198 0.028933
0 0.633114 0.414035 0.047198 0.028933
0 0.637626 0.412761 0.047198 0.028933
0 0.629028 0.413424 0.047198 0.028933
0 0.630664 0.412554 0.047198 0.028933
0 0.630129 0.413561 0.047198 0.028933
0 0.631133 0.412654 0.047198 0.028933
0 0.631798 0.411523 0.047198 0.028933
0 0.634426 0.411854 0.047198 0.028933
0 0.634033 0.411460 0.047198 0.028933
0 0.634382 0.411379 0.047198 0.028933
0 0.634688 0.411366 0.047198 0.028933
0 0.633903 0.411166 0.047198 0.028933
0 0.633739 0.410735 0.047198 0.028933
0 0.634186 0.410722 0.047198 0.028933
0 0.634404 0.410466 0.047198 0.028933
0 0.634873 0.410660 0.047198 0.028933
0 0.635407 0.410903 0.047198 0.028933
0 0.635626 0.410835 0.047198 0.028933
0 0.635658 0.411297 0.047198 0.028933
0 0.636334 0.411917 0.047198 0.028933
0 0.637861 0.411479 0.047198 0.028933
0 0.637183 0.410626 0.047198 0.028933
0 0.637750 0.410434 0.047198 0.028933
0 0.637599 0.410109 0.047198 0.028933
0 0.637599 0.409711 0.047198 0.028933
0 0.637345 0.409632 0.047198 0.028933
0 0.636871 0.409632 0.047198 0.028933
0 0.636178 0.409148 0.047198 0.028933
0 0.635866 0.409175 0.047198 0.028933
0 0.637368 0.408910 0.047198 0.028933
0 0.637773 0.408678 0.047198 0.028933
0 0.637842 0.408472 0.047198 0.028933
0 0.636074 0.408485 0.047198 0.028933
0 0.638004 0.407796 0.047198 0.028933
0 0.637472 0.407551 0.047198 0.028933
0 0.636108 0.407730 0.047198 0.028933
0 0.635773 0.407293 0.047198 0.028933
0 0.635796 0.409705 0.047198 0.028933
0 0.633497 0.410149 0.047198 0.028933
0 0.638790 0.410758 0.047198 0.028933
0 0.639298 0.409718 0.047198 0.028933
0 0.639991 0.410030 0.047198 0.028933
0 0.640188 0.409943 0.047198 0.028933
0 0.640500 0.409923 0.047198 0.028933
0 0.641413 0.410116 0.047198 0.028933
0 0.640546 0.410387 0.047198 0.028933
0 0.640881 0.410672 0.047198 0.028933
0 0.641309 0.410937 0.047198 0.028933
0 0.640431 0.410679 0.047198 0.028933
0 0.641912 0.405895 0.047198 0.028933
0 0.641596 0.406134 0.047198 0.028933
0 0.641481 0.406538 0.047198 0.028933
0 0.641941 0.406612 0.047198 0.028933
0 0.636004 0.407107 0.047198 0.028933
0 0.636435 0.406736 0.047198 0.028933
0 0.636291 0.406472 0.047198 0.028933
0 0.636766 0.405755 0.047198 0.028933
0 0.638591 0.405912 0.047198 0.028933
0 0.635572 0.405673 0.047198 0.028933
0 0.634882 0.405912 0.047198 0.028933
0 0.633747 0.405574 0.047198 0.028933
0 0.632223 0.405582 0.047198 0.028933
0 0.640432 0.405425 0.047198 0.028933
0 0.640849 0.405467 0.047198 0.028933
0 0.640791 0.404865 0.047198 0.028933
0 0.639713 0.404543 0.047198 0.028933
0 0.639828 0.404065 0.047198 0.028933
0 0.640403 0.404090 0.047198 0.028933
0 0.641352 0.404477 0.047198 0.028933
0 0.638965 0.403826 0.047198 0.028933
0 0.638491 0.403661 0.047198 0.028933
0 0.632225 0.404168 0.047198 0.028933
0 0.632650 0.403382 0.047198 0.028933
0 0.632904 0.402860 0.047198 0.028933
0 0.633911 0.402443 0.047198 0.028933
0 0.633074 0.402144 0.047198 0.028933
0 0.632176 0.402227 0.047198 0.028933
0 0.631897 0.402457 0.047198 0.028933
0 0.628270 0.404474 0.047198 0.028933
0 0.629058 0.403980 0.047198 0.028933
0 0.629592 0.403751 0.047198 0.028933
0 0.630053 0.403062 0.047198 0.028933
0 0.630538 0.402652 0.047198 0.028933
0 0.628791 0.403062 0.047198 0.028933
0 0.630999 0.401956 0.047198 0.028933
0 0.635998 0.403299 0.047198 0.028933
0 0.636265 0.402916 0.047198 0.028933
0 0.636544 0.402728 0.047198 0.028933
0 0.635562 0.403152 0.047198 0.028933
0 0.636775 0.401963 0.047198 0.028933
0 0.639820 0.402151 0.047198 0.028933
0 0.639687 0.401921 0.047198 0.028933
0 0.639202 0.401984 0.047198 0.028933
0 0.639566 0.402679 0.047198 0.028933
0 0.634695 0.401664 0.047198 0.028933
0 0.635719 0.401502 0.047198 0.028933
0 0.636460 0.400954 0.047198 0.028933
0 0.636870 0.400669 0.047198 0.028933
0 0.637202 0.400786 0.047198 0.028933
0 0.636051 0.402179 0.047198 0.028933
0 0.636051 0.400160 0.047198 0.028933
0 0.635202 0.400115 0.047198 0.028933
0 0.635417 0.399270 0.047198 0.028933
0 0.634880 0.398985 0.047198 0.028933
0 0.632158 0.400853 0.047198 0.028933
0 0.631505 0.400562 0.047198 0.028933
0 0.630588 0.401368 0.047198 0.028933
0 0.630646 0.400495 0.047198 0.028933
0 0.629534 0.401116 0.047198 0.028933
0 0.629388 0.401782 0.047198 0.028933
0 0.634646 0.401290 0.047198 0.028933
0 0.626521 0.401529 0.047198 0.028933
0 0.625139 0.402870 0.047198 0.028933
0 0.625010 0.402507 0.047198 0.028933
0 0.625333 0.401929 0.047198 0.028933
0 0.625940 0.401663 0.047198 0.028933
0 0.624907 0.401685 0.047198 0.028933
0 0.627128 0.400952 0.047198 0.028933
0 0.622233 0.400418 0.047198 0.028933
0 0.622142 0.400655 0.047198 0.028933
0 0.620708 0.401211 0.047198 0.028933
0 0.620463 0.400900 0.047198 0.028933
0 0.621122 0.399967 0.047198 0.028933
0 0.621122 0.402537 0.047198 0.028933
0 0.626181 0.403016 0.047198 0.028933
0 0.635300 0.398068 0.047198 0.028933
0 0.633683 0.397572 0.047198 0.028933
0 0.632454 0.397526 0.047198 0.028933
0 0.630859 0.398564 0.047198 0.028933
0 0.627648 0.398388 0.047198 0.028933
0 0.628206 0.398107 0.047198 0.028933
0 0.627295 0.398120 0.047198 0.028933
0 0.627671 0.399034 0.047198 0.028933
0 0.630256 0.397193 0.047198 0.028933
0 0.630939 0.397101 0.047198 0.028933
0 0.630973 0.396540 0.047198 0.028933
0 0.629015 0.397173 0.047198 0.028933
0 0.629060 0.396742 0.047198 0.028933
0 0.630404 0.396318 0.047198 0.028933
0 0.630450 0.396122 0.047198 0.028933
0 0.629129 0.396305 0.047198 0.028933
0 0.627409 0.396781 0.047198 0.028933
0 0.626943 0.396573 0.047198 0.028933
0 0.626601 0.396462 0.047198 0.028933
0 0.623570 0.399212 0.047198 0.028933
0 0.623637 0.398760 0.047198 0.028933
0 0.623437 0.398054 0.047198 0.028933
0 0.622983 0.397927 0.047198 0.028933
0 0.623504 0.397603 0.047198 0.028933
0 0.623593 0.397215 0.047198 0.028933
0 0.622639 0.397063 0.047198 0.028933
0 0.625123 0.398442 0.047198 0.028933
0 0.625622 0.397895 0.047198 0.028933
0 0.625156 0.397260 0.047198 0.028933
0 0.621598 0.397602 0.047198 0.028933
0 0.621063 0.397249 0.047198 0.028933
0 0.621625 0.397157 0.047198 0.028933
0 0.621616 0.396835 0.047198 0.028933
0 0.620528 0.396630 0.047198 0.028933
0 0.615548 0.396211 0.047198 0.028933
0 0.615629 0.396047 0.047198 0.028933
0 0.618600 0.398541 0.047198 0.028933
0 0.617973 0.398850 0.047198 0.028933
0 0.617523 0.398614 0.047198 0.028933
0 0.617542 0.398985 0.047198 0.028933
0 0.618081 0.399389 0.047198 0.028933
0 0.618600 0.399198 0.047198 0.028933
0 0.618678 0.399804 0.047198 0.028933
0 0.619530 0.399299 0.047198 0.028933
0 0.619432 0.400023 0.047198 0.028933
0 0.616586 0.399833 0.047198 0.028933
0 0.617775 0.399922 0.047198 0.028933
0 0.618777 0.401424 0.047198 0.028933
0 0.619118 0.401172 0.047198 0.028933
0 0.611031 0.399582 0.047198 0.028933
0 0.612943 0.400153 0.047198 0.028933
0 0.614091 0.400796 0.047198 0.028933
0 0.614348 0.401122 0.047198 0.028933
0 0.614829 0.400541 0.047198 0.028933
0 0.611611 0.399474 0.047198 0.028933
0 0.609343 0.399202 0.047198 0.028933
0 0.616874 0.401876 0.047198 0.028933
0 0.616437 0.401816 0.047198 0.028933
0 0.615816 0.401972 0.047198 0.028933
0 0.618282 0.402300 0.047198 0.028933
0 0.619992 0.402624 0.047198 0.028933
0 0.619315 0.402271 0.047198 0.028933
0 0.621603 0.402819 0.047198 0.028933
0 0.608065 0.401636 0.047198 0.028933
0 0.609127 0.401970 0.047198 0.028933
0 0.610763 0.402514 0.047198 0.028933
0 0.611481 0.402975 0.047198 0.028933
0 0.612457 0.402750 0.047198 0.028933
0 0.614065 0.402865 0.047198 0.028933
0 0.614687 0.402920 0.047198 0.028933
0 0.615204 0.402921 0.047198 0.028933
0 0.615348 0.402414 0.047198 0.028933
0 0.613860 0.402228 0.047198 0.028933
0 0.617087 0.403468 0.047198 0.028933
0 0.616476 0.403371 0.047198 0.028933
0 0.615540 0.403604 0.047198 0.028933
0 0.619020 0.404076 0.047198 0.028933
0 0.618633 0.404222 0.047198 0.028933
0 0.618190 0.403629 0.047198 0.028933
0 0.612617 0.403439 0.047198 0.028933
0 0.610196 0.403587 0.047198 0.028933
0 0.609074 0.403687 0.047198 0.028933
0 0.609142 0.403993 0.047198 0.028933
0 0.607947 0.404703 0.047198 0.028933
0 0.608993 0.405111 0.047198 0.028933
0 0.607124 0.405065 0.047198 0.028933
0 0.608343 0.404451 0.047198 0.028933
0 0.610609 0.405511 0.047198 0.028933
0 0.608350 0.405630 0.047198 0.028933
0 0.610350 0.406158 0.047198 0.028933
0 0.610306 0.406334 0.047198 0.028933
0 0.611227 0.406162 0.047198 0.028933
0 0.612168 0.406216 0.047198 0.028933
0 0.611861 0.407165 0.047198 0.028933
0 0.615373 0.406969 0.047198 0.028933
0 0.615832 0.406273 0.047198 0.028933
0 0.617121 0.406003 0.047198 0.028933
0 0.617901 0.406859 0.047198 0.028933
0 0.617996 0.407694 0.047198 0.028933
0 0.618104 0.405194 0.047198 0.028933
0 0.617930 0.404947 0.047198 0.028933
0 0.617955 0.404766 0.047198 0.028933
0 0.617971 0.404391 0.047198 0.028933
0 0.616331 0.404410 0.047198 0.028933
0 0.619007 0.404628 0.047198 0.028933
0 0.619910 0.403935 0.047198 0.028933
0 0.621474 0.404621 0.047198 0.028933
0 0.622277 0.404632 0.047198 0.028933
0 0.621901 0.404993 0.047198 0.028933
0 0.621944 0.405330 0.047198 0.028933
0 0.622592 0.405663 0.047198 0.028933
0 0.623000 0.405833 0.047198 0.028933
0 0.623432 0.405765 0.047198 0.028933
0 0.623210 0.405670 0.047198 0.028933
0 0.622826 0.404528 0.047198 0.028933
0 0.623597 0.404927 0.047198 0.028933
0 0.623554 0.405362 0.047198 0.028933
0 0.623122 0.404719 0.047198 0.028933
0 0.624221 0.405645 0.047198 0.028933
0 0.624184 0.406325 0.047198 0.028933
0 0.624814 0.406442 0.047198 0.028933
0 0.623470 0.407361 0.047198 0.028933
0 0.622933 0.407186 0.047198 0.028933
0 0.624240 0.407614 0.047198 0.028933
0 0.622128 0.407958 0.047198 0.028933
0 0.620947 0.407722 0.047198 0.028933
0 0.620670 0.408484 0.047198 0.028933
0 0.619618 0.408268 0.047198 0.028933
0 0.619989 0.408697 0.047198 0.028933
0 0.620169 0.407842 0.047198 0.028933
0 0.620621 0.408030 0.047198 0.028933
0 0.619884 0.407462 0.047198 0.028933
0 0.618079 0.408763 0.047198 0.028933
0 0.613404 0.409082 0.047198 0.028933
0 0.612113 0.408555 0.047198 0.028933
0 0.616081 0.410538 0.047198 0.028933
0 0.617652 0.410347 0.047198 0.028933
0 0.618162 0.410308 0.047198 0.028933
0 0.615191 0.411403 0.047198 0.028933
0 0.616075 0.411563 0.047198 0.028933
0 0.617258 0.411575 0.047198 0.028933
0 0.617795 0.411746 0.047198 0.028933
0 0.618726 0.411489 0.047198 0.028933
0 0.618767 0.410994 0.047198 0.028933
0 0.617555 0.409974 0.047198 0.028933
0 0.619941 0.410219 0.047198 0.028933
0 0.620886 0.412168 0.047198 0.028933
0 0.620602 0.411856 0.047198 0.028933
0 0.622028 0.411289 0.047198 0.028933
0 0.621806 0.411579 0.047198 0.028933
0 0.624022 0.412331 0.047198 0.028933
0 0.623490 0.410996 0.047198 0.028933
0 0.623846 0.410519 0.047198 0.028933
0 0.622343 0.410915 0.047198 0.028933
0 0.622458 0.410392 0.047198 0.028933
0 0.624927 0.411680 0.047198 0.028933
0 0.624996 0.411429 0.047198 0.028933
0 0.626585 0.412037 0.047198 0.028933
0 0.628002 0.411822 0.047198 0.028933
0 0.628589 0.411695 0.047198 0.028933
0 0.628153 0.411398 0.047198 0.028933
0 0.629186 0.410898 0.047198 0.028933
0 0.629569 0.410714 0.047198 0.028933
0 0.629195 0.410535 0.047198 0.028933
0 0.628358 0.411128 0.047198 0.028933
0 0.630006 0.411194 0.047198 0.028933
0 0.630255 0.411756 0.047198 0.028933
0 0.629436 0.411720 0.047198 0.028933
0 0.629489 0.412374 0.047198 0.028933
0 0.632154 0.410469 0.047198 0.028933
0 0.630011 0.410177 0.047198 0.028933
0 0.630193 0.409774 0.047198 0.028933
0 0.630818 0.409978 0.047198 0.028933
0 0.630799 0.409471 0.047198 0.028933
0 0.630212 0.409383 0.047198 0.028933
0 0.629588 0.409157 0.047198 0.028933
0 0.627076 0.409653 0.047198 0.028933
0 0.627389 0.409281 0.047198 0.028933
0 0.628029 0.409587 0.047198 0.028933
0 0.628395 0.409294 0.047198 0.028933
0 0.628685 0.408818 0.047198 0.028933
0 0.626543 0.408770 0.047198 0.028933
0 0.629767 0.408219 0.047198 0.028933
0 0.629257 0.408084 0.047198 0.028933
0 0.625575 0.408315 0.047198 0.028933
0 0.626368 0.407864 0.047198 0.028933
0 0.628263 0.407663 0.047198 0.028933
0 0.628346 0.407426 0.047198 0.028933
0 0.628530 0.407220 0.047198 0.028933
0 0.629330 0.407315 0.047198 0.028933
0 0.629523 0.407700 0.047198 0.028933
0 0.628337 0.408017 0.047198 0.028933
0 0.627187 0.406940 0.047198 0.028933
0 0.626678 0.406697 0.047198 0.028933
0 0.627739 0.406429 0.047198 0.028933
0 0.627697 0.406216 0.047198 0.028933
0 0.627527 0.405351 0.047198 0.028933
0 0.628440 0.405162 0.047198 0.028933
0 0.629321 0.405132 0.047198 0.028933
0 0.631129 0.405919 0.047198 0.028933
0 0.613146 0.405591 0.047198 0.028933
0 0.612557 0.405459 0.047198 0.028933
0 0.605031 0.401806 0.047198 0.028933
0 0.602490 0.401783 0.047198 0.028933
0 0.608612 0.401127 0.047198 0.028933
0 0.607000 0.400528 0.047198 0.028933
0 0.604688 0.400274 0.047198 0.028933
0 0.637716 0.399992 0.047198 0.028933
0 0.619521 0.406622 0.047198 0.028933
0 0.618597 0.405755 0.047198 0.028933
0 0.622002 0.408968 0.047198 0.028933
0 0.623060 0.409472 0.047198 0.028933
0 0.627689 0.410270 0.047198 0.028933
0 0.623420 0.417555 0.047198 0.028933
0 0.624325 0.418038 0.047198 0.028933
0 0.610107 0.404666 0.047198 0.028933
0 0.617375 0.401557 0.047198 0.028933
0 0.628696 0.401569 0.047198 0.028933
0 0.597703 0.406932 0.047198 0.028933
0 0.598385 0.402232 0.047198 0.028933
0 0.602047 0.401388 0.047198 0.028933
0 0.602032 0.401604 0.047198 0.028933
0 0.601687 0.398281 0.047198 0.028933
0 0.602153 0.398170 0.047198 0.028933
0 0.608291 0.400726 0.047198 0.028933
0 0.608967 0.398918 0.047198 0.028933
0 0.610723 0.398462 0.047198 0.028933
0 0.611578 0.398264 0.047198 0.028933
0 0.609822 0.396767 0.047198 0.028933
0 0.610828 0.396612 0.047198 0.028933
0 0.609402 0.395768 0.047198 0.028933
0 0.612059 0.395372 0.047198 0.028933
0 0.612494 0.395295 0.047198 0.028933
0 0.622265 0.399090 0.047198 0.028933
0 0.626753 0.395966 0.047198 0.028933
0 0.628343 0.396207 0.047198 0.028933
0 0.633582 0.398049 0.047198 0.028933
0 0.633297 0.398204 0.047198 0.028933
0 0.626122 0.401337 0.047198 0.028933
0 0.622865 0.408979 0.047198 0.028933
0 0.621379 0.409048 0.047198 0.028933
0 0.622475 0.409203 0.047198 0.028933
0 0.621800 0.409324 0.047198 0.028933
0 0.628712 0.406829 0.047198 0.028933
0 0.619147 0.396884 0.047198 0.028933
0 0.622972 0.414477 0.047198 0.028933
0 0.623403 0.414529 0.047198 0.028933
0 0.625659 0.414250 0.047198 0.028933
0 0.624385 0.413803 0.047198 0.028933
0 0.622408 0.417008 0.047198 0.028933
0 0.627453 0.417171 0.047198 0.028933
0 0.628696 0.416926 0.047198 0.028933
0 0.627366 0.416262 0.047198 0.028933
0 0.627217 0.416635 0.047198 0.028933
0 0.628430 0.416007 0.047198 0.028933
0 0.626187 0.416636 0.047198 0.028933
0 0.629034 0.415151 0.047198 0.028933
0 0.627662 0.413892 0.047198 0.028933
0 0.627839 0.413758 0.047198 0.028933
0 0.630484 0.414625 0.047198 0.028933
0 0.634666 0.413208 0.047198 0.028933
0 0.635153 0.413333 0.047198 0.028933
0 0.638540 0.415190 0.047198 0.028933
0 0.635843 0.412188 0.047198 0.028933
0 0.634802 0.411114 0.047198 0.028933
0 0.636042 0.411669 0.047198 0.028933
0 0.635901 0.407933 0.047198 0.028933
0 0.635778 0.408144 0.047198 0.028933
0 0.640262 0.405017 0.047198 0.028933
0 0.639744 0.405328 0.047198 0.028933
0 0.632523 0.405363 0.047198 0.028933
0 0.630740 0.405480 0.047198 0.028933
0 0.630403 0.405580 0.047198 0.028933
0 0.630393 0.403634 0.047198 0.028933
0 0.631097 0.404666 0.047198 0.028933
0 0.633087 0.403708 0.047198 0.028933
0 0.632194 0.403063 0.047198 0.028933
0 0.636920 0.402401 0.047198 0.028933
0 0.637585 0.402486 0.047198 0.028933
0 0.635053 0.401942 0.047198 0.028933
0 0.635504 0.401171 0.047198 0.028933
0 0.634493 0.400791 0.047198 0.028933
0 0.633395 0.401456 0.047198 0.028933
0 0.631380 0.401470 0.047198 0.028933
0 0.630091 0.400508 0.047198 0.028933
0 0.629901 0.401014 0.047198 0.028933
0 0.635681 0.399850 0.047198 0.028933
0 0.635496 0.399666 0.047198 0.028933
0 0.635064 0.397851 0.047198 0.028933
0 0.631525 0.397352 0.047198 0.028933
0 0.629191 0.397508 0.047198 0.028933
0 0.628158 0.397508 0.047198 0.028933
0 0.626387 0.399003 0.047198 0.028933
0 0.625981 0.398747 0.047198 0.028933
0 0.627806 0.398672 0.047198 0.028933
0 0.627774 0.397221 0.047198 0.028933
0 0.626240 0.397012 0.047198 0.028933
0 0.627835 0.396332 0.047198 0.028933
0 0.623105 0.396744 0.047198 0.028933
0 0.623099 0.396021 0.047198 0.028933
0 0.624453 0.397843 0.047198 0.028933
0 0.624935 0.397698 0.047198 0.028933
0 0.624743 0.397209 0.047198 0.028933
0 0.624478 0.397131 0.047198 0.028933
0 0.623081 0.398364 0.047198 0.028933
0 0.623328 0.398322 0.047198 0.028933
0 0.622567 0.397528 0.047198 0.028933
0 0.624998 0.399398 0.047198 0.028933
0 0.624419 0.398509 0.047198 0.028933
0 0.620550 0.400109 0.047198 0.028933
0 0.619420 0.399669 0.047198 0.028933
0 0.621365 0.401020 0.047198 0.028933
0 0.619766 0.397083 0.047198 0.028933
0 0.620451 0.395213 0.047198 0.028933
0 0.618327 0.395368 0.047198 0.028933
0 0.616402 0.395957 0.047198 0.028933
0 0.616685 0.395026 0.047198 0.028933
0 0.615605 0.395705 0.047198 0.028933
0 0.615548 0.394863 0.047198 0.028933
0 0.610639 0.396960 0.047198 0.028933
0 0.610349 0.396817 0.047198 0.028933
0 0.612733 0.396980 0.047198 0.028933
0 0.607879 0.395992 0.047198 0.028933
0 0.605870 0.399241 0.047198 0.028933
0 0.604242 0.398270 0.047198 0.028933
0 0.603246 0.401411 0.047198 0.028933
0 0.604712 0.401066 0.047198 0.028933
0 0.605442 0.401334 0.047198 0.028933
0 0.605653 0.401400 0.047198 0.028933
0 0.605813 0.401451 0.047198 0.028933
0 0.600266 0.400601 0.047198 0.028933
0 0.599959 0.400402 0.047198 0.028933
0 0.598698 0.401786 0.047198 0.028933
0 0.598695 0.403453 0.047198 0.028933
0 0.597765 0.404965 0.047198 0.028933
0 0.599436 0.404947 0.047198 0.028933
0 0.598757 0.404767 0.047198 0.028933
0 0.600183 0.405199 0.047198 0.028933
0 0.600553 0.405451 0.047198 0.028933
0 0.602021 0.405877 0.047198 0.028933
0 0.602660 0.406000 0.047198 0.028933
0 0.601536 0.405993 0.047198 0.028933
0 0.601424 0.406928 0.047198 0.028933
0 0.600794 0.409460 0.047198 0.028933
0 0.601950 0.409967 0.047198 0.028933
0 0.600829 0.411757 0.047198 0.028933
0 0.601817 0.412663 0.047198 0.028933
0 0.608842 0.413378 0.047198 0.028933
0 0.609491 0.412774 0.047198 0.028933
0 0.614902 0.414830 0.047198 0.028933
0 0.613942 0.415526 0.047198 0.028933
0 0.613182 0.409617 0.047198 0.028933
0 0.613382 0.409416 0.047198 0.028933
0 0.612298 0.409072 0.047198 0.028933
0 0.610865 0.408671 0.047198 0.028933
0 0.605999 0.406631 0.047198 0.028933
0 0.606461 0.408069 0.047198 0.028933
0 0.604246 0.405209 0.047198 0.028933
0 0.603829 0.404960 0.047198 0.028933
0 0.609585 0.405636 0.047198 0.028933
0 0.607757 0.405511 0.047198 0.028933
0 0.607612 0.404131 0.047198 0.028933
0 0.609335 0.404546 0.047198 0.028933
0 0.608822 0.404267 0.047198 0.028933
0 0.608598 0.404064 0.047198 0.028933
0 0.609834 0.404410 0.047198 0.028933
0 0.604320 0.402761 0.047198 0.028933
0 0.604320 0.403138 0.047198 0.028933
0 0.607591 0.402009 0.047198 0.028933
0 0.609655 0.398788 0.047198 0.028933
0 0.610919 0.397955 0.047198 0.028933
0 0.625931 0.400612 0.047198 0.028933
0 0.626513 0.400732 0.047198 0.028933
0 0.627788 0.404197 0.047198 0.028933
0 0.627387 0.403686 0.047198 0.028933
0 0.629351 0.404773 0.047198 0.028933
0 0.628968 0.404612 0.047198 0.028933
0 0.626124 0.408140 0.047198 0.028933
0 0.627045 0.408566 0.047198 0.028933
0 0.627303 0.408457 0.047198 0.028933
0 0.628580 0.408422 0.047198 0.028933
0 0.627782 0.407897 0.047198 0.028933
0 0.627800 0.407330 0.047198 0.028933
0 0.632912 0.409970 0.047198 0.028933
0 0.631720 0.409842 0.047198 0.028933
0 0.630746 0.410458 0.047198 0.028933
0 0.629915 0.413023 0.047198 0.028933
0 0.628247 0.413261 0.047198 0.028933
0 0.620588 0.409487 0.047198 0.028933
0 0.620687 0.409127 0.047198 0.028933
0 0.623774 0.409898 0.047198 0.028933
0 0.624227 0.409237 0.047198 0.028933
0 0.618367 0.411365 0.047198 0.028933
0 0.614469 0.410989 0.047198 0.028933
0 0.614835 0.410993 0.047198 0.028933
0 0.615455 0.408765 0.047198 0.028933
0 0.617547 0.408342 0.047198 0.028933
0 0.617083 0.408150 0.047198 0.028933
0 0.615200 0.408162 0.047198 0.028933
0 0.619204 0.407599 0.047198 0.028933
0 0.619508 0.407105 0.047198 0.028933
0 0.616521 0.406562 0.047198 0.028933
0 0.616335 0.406288 0.047198 0.028933
0 0.613275 0.406586 0.047198 0.028933
0 0.613832 0.406405 0.047198 0.028933
0 0.613473 0.405961 0.047198 0.028933
0 0.614532 0.405784 0.047198 0.028933
0 0.615033 0.405124 0.047198 0.028933
0 0.614720 0.404788 0.047198 0.028933
0 0.615731 0.404149 0.047198 0.028933
0 0.617119 0.403955 0.047198 0.028933
0 0.616887 0.404843 0.047198 0.028933
0 0.616534 0.404176 0.047198 0.028933
0 0.616807 0.402444 0.047198 0.028933
0 0.616992 0.401253 0.047198 0.028933
0 0.616164 0.401090 0.047198 0.028933
0 0.615794 0.400587 0.047198 0.028933
0 0.613267 0.401362 0.047198 0.028933
0 0.621223 0.404813 0.047198 0.028933
0 0.622452 0.404948 0.047198 0.028933
0 0.622545 0.405254 0.047198 0.028933
0 0.623277 0.404457 0.047198 0.028933
0 0.620578 0.404457 0.047198 0.028933
0 0.621763 0.403984 0.047198 0.028933
0 0.621428 0.404226 0.047198 0.028933
0 0.625422 0.406665 0.047198 0.028933
0 0.625218 0.405909 0.047198 0.028933
0 0.624970 0.405785 0.047198 0.028933
0 0.623392 0.409122 0.047198 0.028933
0 0.599984 0.407432 0.047198 0.028933
0 0.620329 0.408197 0.047198 0.028933
0 0.629959 0.408712 0.047198 0.028933
0 0.617843 0.399630 0.047198 0.028933
0 0.614931 0.397992 0.047198 0.028933
0 0.622280 0.406695 0.047198 0.028933
0 0.618485 0.394254 0.047198 0.028933
0 0.632817 0.396102 0.047198 0.028933
0 0.639469 0.400900 0.047198 0.028933
0 0.641458 0.403377 0.047198 0.028933
0 0.643172 0.406955 0.047198 0.028933
0 0.643241 0.411596 0.047198 0.028933
0 0.638577 0.416039 0.047198 0.028933
0 0.627194 0.418123 0.047198 0.028933
0 0.621776 0.418359 0.047198 0.028933
0 0.606278 0.416000 0.047198 0.028933
0 0.598529 0.412579 0.047198 0.028933
0 0.595786 0.406798 0.047198 0.028933
0 0.597638 0.399641 0.047198 0.028933
0 0.606895 0.395984 0.047198 0.028933
0 0.600205 0.411644 0.047198 0.028933
0 0.632811 0.404999 0.047198 0.028933
0 0.626096 0.412311 0.047198 0.028933
0 0.596314 0.406311 0.047198 0.028933
0 0.596490 0.403474 0.047198 0.028933
0 0.596056 0.407140 0.047198 0.028933
0 0.597277 0.401926 0.047198 0.028933