0 0.565477 0.764273 0.072727 0.027027
0 0.549762 0.767012 0.072727 0.027027
0 0.512689 0.762332 0.072727 0.027027
0 0.504701 0.746400 0.072727 0.027027
0 0.506612 0.735546 0.072727 0.027027
0 0.527883 0.728726 0.072727 0.027027
0 0.562439 0.732211 0.072727 0.027027
0 0.572076 0.738832 0.072727 0.027027
0 0.576591 0.747993 0.072727 0.027027
0 0.575549 0.756905 0.072727 0.027027
0 0.522045 0.760571 0.072727 0.027027
0 0.526036 0.762155 0.072727 0.027027
0 0.525844 0.761693 0.072727 0.027027
0 0.524098 0.762342 0.072727 0.027027
0 0.530756 0.763640 0.072727 0.027027
0 0.535092 0.762606 0.072727 0.027027
0 0.535780 0.762968 0.072727 0.027027
0 0.536541 0.762749 0.072727 0.027027
0 0.538153 0.762933 0.072727 0.027027
0 0.536099 0.761650 0.072727 0.027027
0 0.535263 0.761127 0.072727 0.027027
0 0.537849 0.761851 0.072727 0.027027
0 0.509959 0.753501 0.072727 0.027027
0 0.511770 0.752672 0.072727 0.027027
0 0.512059 0.752419 0.072727 0.027027
0 0.513854 0.752288 0.072727 0.027027
0 0.514311 0.753440 0.072727 0.027027
0 0.522269 0.758274 0.072727 0.027027
0 0.521979 0.758509 0.072727 0.027027
0 0.509199 0.744113 0.072727 0.027027
0 0.517400 0.749365 0.072727 0.027027
0 0.519362 0.749112 0.072727 0.027027
0 0.522938 0.747202 0.072727 0.027027
0 0.523166 0.748537 0.072727 0.027027
0 0.526316 0.748510 0.072727 0.027027
0 0.527153 0.748118 0.072727 0.027027
0 0.525936 0.745963 0.072727 0.027027
0 0.527138 0.746137 0.072727 0.027027
0 0.525966 0.745221 0.072727 0.027027
0 0.520838 0.744480 0.072727 0.027027
0 0.520823 0.744968 0.072727 0.027027
0 0.519515 0.741077 0.072727 0.027027
0 0.519773 0.738381 0.072727 0.027027
0 0.518206 0.739192 0.072727 0.027027
0 0.523151 0.738896 0.072727 0.027027
0 0.526042 0.740780 0.072727 0.027027
0 0.536769 0.741391 0.072727 0.027027
0 0.537012 0.743424 0.072727 0.027027
0 0.539675 0.746050 0.072727 0.027027
0 0.541212 0.741435 0.072727 0.027027
0 0.541683 0.741609 0.072727 0.027027
0 0.540116 0.742630 0.072727 0.027027
0 0.538077 0.742246 0.072727 0.027027
0 0.544285 0.747507 0.072727 0.027027
0 0.541820 0.748737 0.072727 0.027027
0 0.537682 0.749732 0.072727 0.027027
0 0.539736 0.750159 0.072727 0.027027
0 0.542870 0.751058 0.072727 0.027027
0 0.542779 0.751512 0.072727 0.027027
0 0.544316 0.752637 0.072727 0.027027
0 0.535217 0.753510 0.072727 0.027027
0 0.535932 0.752506 0.072727 0.027027
0 0.527822 0.757366 0.072727 0.027027
0 0.531246 0.757829 0.072727 0.027027
0 0.531641 0.757881 0.072727 0.027027
0 0.533711 0.758151 0.072727 0.027027
0 0.535247 0.757802 0.072727 0.027027
0 0.540390 0.763892 0.072727 0.027027
0 0.550524 0.762348 0.072727 0.027027
0 0.550402 0.761423 0.072727 0.027027
0 0.555879 0.760533 0.072727 0.027027
0 0.555347 0.760420 0.072727 0.027027
0 0.552593 0.759373 0.072727 0.027027
0 0.547602 0.759068 0.072727 0.027027
0 0.551315 0.755194 0.072727 0.027027
0 0.538017 0.760655 0.072727 0.027027
0 0.539705 0.756625 0.072727 0.027027
0 0.537225 0.757139 0.072727 0.027027
0 0.537514 0.757043 0.072727 0.027027
0 0.534289 0.758309 0.072727 0.027027
0 0.548424 0.751573 0.072727 0.027027
0 0.550584 0.750840 0.072727 0.027027
0 0.554099 0.749444 0.072727 0.027027
0 0.553156 0.752559 0.072727 0.027027
0 0.547876 0.743720 0.072727 0.027027
0 0.548439 0.742089 0.072727 0.027027
0 0.547891 0.742071 0.072727 0.027027
0 0.548743 0.740475 0.072727 0.027027
0 0.549641 0.738782 0.072727 0.027027
0 0.547541 0.738075 0.072727 0.027027
0 0.540405 0.736932 0.072727 0.027027
0 0.535506 0.737744 0.072727 0.027027
0 0.540208 0.732064 0.072727 0.027027
0 0.557142 0.732430 0.072727 0.027027
0 0.556503 0.734341 0.072727 0.027027
0 0.553369 0.736470 0.072727 0.027027
0 0.563031 0.734097 0.072727 0.027027
0 0.563183 0.735624 0.072727 0.027027
0 0.560961 0.737369 0.072727 0.027027
0 0.561631 0.738014 0.072727 0.027027
0 0.561829 0.738154 0.072727 0.027027
0 0.562118 0.738904 0.072727 0.027027
0 0.563518 0.739707 0.072727 0.027027
0 0.564187 0.739594 0.072727 0.027027
0 0.565800 0.739768 0.072727 0.027027
0 0.563335 0.740405 0.072727 0.027027
0 0.564111 0.740737 0.072727 0.027027
0 0.563837 0.741304 0.072727 0.027027
0 0.559425 0.740056 0.072727 0.027027
0 0.557584 0.739419 0.072727 0.027027
0 0.566591 0.744558 0.072727 0.027027
0 0.566804 0.743921 0.072727 0.027027
0 0.563685 0.742647 0.072727 0.027027
0 0.557873 0.743441 0.072727 0.027027
0 0.558390 0.741705 0.072727 0.027027
0 0.564796 0.750727 0.072727 0.027027
0 0.563168 0.749959 0.072727 0.027027
0 0.562224 0.748973 0.072727 0.027027
0 0.568873 0.753405 0.072727 0.027027
0 0.555027 0.757227 0.072727 0.027027
0 0.556701 0.757017 0.072727 0.027027
0 0.555864 0.758457 0.072727 0.027027
0 0.565024 0.764058 0.072727 0.027027
0 0.566180 0.763552 0.072727 0.027027
0 0.566226 0.763194 0.072727 0.027027
0 0.558481 0.763325 0.072727 0.027027
0 0.558147 0.762418 0.072727 0.027027
0 0.513716 0.761423 0.072727 0.027027
0 0.515448 0.759837 0.072727 0.027027
0 0.512464 0.761255 0.072727 0.027027
0 0.512562 0.759275 0.072727 0.027027
0 0.514664 0.758763 0.072727 0.027027
0 0.515491 0.757552 0.072727 0.027027
0 0.519956 0.760181 0.072727 0.027027
0 0.527110 0.760999 0.072727 0.027027
0 0.526936 0.761411 0.072727 0.027027
0 0.523756 0.760624 0.072727 0.027027
0 0.522341 0.757183 0.072727 0.027027
0 0.521066 0.757945 0.072727 0.027027
0 0.521459 0.754093 0.072727 0.027027
0 0.519716 0.753562 0.072727 0.027027
0 0.520032 0.753799 0.072727 0.027027
0 0.515622 0.753137 0.072727 0.027027
0 0.514903 0.753705 0.072727 0.027027
0 0.516286 0.757402 0.072727 0.027027
0 0.512747 0.751663 0.072727 0.027027
0 0.514281 0.751705 0.072727 0.027027
0 0.509173 0.752280 0.072727 0.027027
0 0.510664 0.751087 0.072727 0.027027
0 0.510989 0.750621 0.072727 0.027027
0 0.508863 0.750376 0.072727 0.027027
0 0.508376 0.748801 0.072727 0.027027
0 0.524723 0.750759 0.072727 0.027027
0 0.522768 0.748413 0.072727 0.027027
0 0.523110 0.748086 0.072727 0.027027
0 0.524854 0.746292 0.072727 0.027027
0 0.526109 0.746358 0.072727 0.027027
0 0.523534 0.746124 0.072727 0.027027
0 0.505087 0.745031 0.072727 0.027027
0 0.507483 0.744732 0.072727 0.027027
0 0.507075 0.745040 0.072727 0.027027
0 0.526288 0.743433 0.072727 0.027027
0 0.526679 0.742732 0.072727 0.027027
0 0.526565 0.742125 0.072727 0.027027
0 0.519036 0.740667 0.072727 0.027027
0 0.520226 0.742741 0.072727 0.027027
0 0.517439 0.743844 0.072727 0.027027
0 0.508835 0.742386 0.072727 0.027027
0 0.519460 0.738331 0.072727 0.027027
0 0.535593 0.734331 0.072727 0.027027
0 0.531437 0.734696 0.072727 0.027027
0 0.527086 0.734229 0.072727 0.027027
0 0.542502 0.730678 0.072727 0.027027
0 0.539781 0.731023 0.072727 0.027027
0 0.542062 0.731621 0.072727 0.027027
0 0.542828 0.732434 0.072727 0.027027
0 0.542274 0.732995 0.072727 0.027027
0 0.541247 0.733145 0.072727 0.027027
0 0.540041 0.731790 0.072727 0.027027
0 0.540775 0.732285 0.072727 0.027027
0 0.539113 0.732051 0.072727 0.027027
0 0.539618 0.732687 0.072727 0.027027
0 0.540579 0.733425 0.072727 0.027027
0 0.540286 0.734042 0.072727 0.027027
0 0.538819 0.734817 0.072727 0.027027
0 0.539210 0.734397 0.072727 0.027027
0 0.539601 0.736079 0.072727 0.027027
0 0.546266 0.738770 0.072727 0.027027
0 0.545044 0.735415 0.072727 0.027027
0 0.546918 0.734939 0.072727 0.027027
0 0.547717 0.734995 0.072727 0.027027
0 0.548108 0.734911 0.072727 0.027027
0 0.549151 0.735275 0.072727 0.027027
0 0.547815 0.734098 0.072727 0.027027
0 0.548874 0.734126 0.072727 0.027027
0 0.549004 0.733901 0.072727 0.027027
0 0.548059 0.732677 0.072727 0.027027
0 0.559596 0.733126 0.072727 0.027027
0 0.562953 0.734836 0.072727 0.027027
0 0.567044 0.736256 0.072727 0.027027
0 0.566604 0.736929 0.072727 0.027027
0 0.562090 0.736817 0.072727 0.027027
0 0.562644 0.736686 0.072727 0.027027
0 0.563654 0.737032 0.072727 0.027027
0 0.564224 0.736434 0.072727 0.027027
0 0.561666 0.739004 0.072727 0.027027
0 0.562660 0.739218 0.072727 0.027027
0 0.562497 0.738555 0.072727 0.027027
0 0.563181 0.738219 0.072727 0.027027
0 0.563507 0.738518 0.072727 0.027027
0 0.563947 0.739377 0.072727 0.027027
0 0.563540 0.739499 0.072727 0.027027
0 0.566506 0.739835 0.072727 0.027027
0 0.566001 0.739985 0.072727 0.027027
0 0.566799 0.739695 0.072727 0.027027
0 0.569260 0.739275 0.072727 0.027027
0 0.566245 0.737471 0.072727 0.027027
0 0.571215 0.742134 0.072727 0.027027
0 0.571623 0.741713 0.072727 0.027027
0 0.572437 0.743171 0.072727 0.027027
0 0.572389 0.742536 0.072727 0.027027
0 0.569993 0.741882 0.072727 0.027027
0 0.568233 0.742928 0.072727 0.027027
0 0.569080 0.743638 0.072727 0.027027
0 0.570205 0.745320 0.072727 0.027027
0 0.563735 0.742386 0.072727 0.027027
0 0.563540 0.742134 0.072727 0.027027
0 0.562953 0.741657 0.072727 0.027027
0 0.563687 0.741657 0.072727 0.027027
0 0.564990 0.741003 0.072727 0.027027
0 0.564469 0.741302 0.072727 0.027027
0 0.564567 0.741536 0.072727 0.027027
0 0.565218 0.740573 0.072727 0.027027
0 0.562872 0.742461 0.072727 0.027027
0 0.561568 0.741723 0.072727 0.027027
0 0.561601 0.744321 0.072727 0.027027
0 0.561470 0.744498 0.072727 0.027027
0 0.561731 0.743648 0.072727 0.027027
0 0.559939 0.744021 0.072727 0.027027
0 0.559939 0.743713 0.072727 0.027027
0 0.559368 0.743096 0.072727 0.027027
0 0.560232 0.740097 0.072727 0.027027
0 0.560232 0.740302 0.072727 0.027027
0 0.560264 0.740630 0.072727 0.027027
0 0.559678 0.741499 0.072727 0.027027
0 0.558065 0.743984 0.072727 0.027027
0 0.556647 0.744713 0.072727 0.027027
0 0.563687 0.745115 0.072727 0.027027
0 0.563507 0.745432 0.072727 0.027027
0 0.562807 0.746003 0.072727 0.027027
0 0.562285 0.746311 0.072727 0.027027
0 0.561063 0.746694 0.072727 0.027027
0 0.561861 0.747311 0.072727 0.027027
0 0.553404 0.743835 0.072727 0.027027
0 0.553600 0.743610 0.072727 0.027027
0 0.554040 0.744330 0.072727 0.027027
0 0.554496 0.745320 0.072727 0.027027
0 0.554871 0.745087 0.072727 0.027027
0 0.553730 0.746554 0.072727 0.027027
0 0.550862 0.746386 0.072727 0.027027
0 0.552003 0.746666 0.072727 0.027027
0 0.551139 0.747058 0.072727 0.027027
0 0.551367 0.746900 0.072727 0.027027
0 0.554724 0.748236 0.072727 0.027027
0 0.555017 0.747703 0.072727 0.027027
0 0.555620 0.747750 0.072727 0.027027
0 0.555588 0.749198 0.072727 0.027027
0 0.571737 0.749320 0.072727 0.027027
0 0.571672 0.749675 0.072727 0.027027
0 0.571737 0.748152 0.072727 0.027027
0 0.570906 0.747189 0.072727 0.027027
0 0.564143 0.747526 0.072727 0.027027
0 0.564175 0.747759 0.072727 0.027027
0 0.561601 0.748367 0.072727 0.027027
0 0.561845 0.748217 0.072727 0.027027
0 0.565251 0.749068 0.072727 0.027027
0 0.563524 0.749750 0.072727 0.027027
0 0.561259 0.749750 0.072727 0.027027
0 0.561421 0.749488 0.072727 0.027027
0 0.559303 0.753132 0.072727 0.027027
0 0.560183 0.753020 0.072727 0.027027
0 0.560688 0.753413 0.072727 0.027027
0 0.562399 0.753936 0.072727 0.027027
0 0.557478 0.753123 0.072727 0.027027
0 0.556859 0.754113 0.072727 0.027027
0 0.569455 0.754983 0.072727 0.027027
0 0.567972 0.752572 0.072727 0.027027
0 0.566408 0.750880 0.072727 0.027027
0 0.566066 0.750338 0.072727 0.027027
0 0.561992 0.751833 0.072727 0.027027
0 0.562057 0.751974 0.072727 0.027027
0 0.566767 0.759169 0.072727 0.027027
0 0.566929 0.757543 0.072727 0.027027
0 0.566506 0.760477 0.072727 0.027027
0 0.560590 0.758449 0.072727 0.027027
0 0.557771 0.755104 0.072727 0.027027
0 0.557543 0.755403 0.072727 0.027027
0 0.556859 0.755665 0.072727 0.027027
0 0.557233 0.756113 0.072727 0.027027
0 0.556859 0.756253 0.072727 0.027027
0 0.556859 0.756515 0.072727 0.027027
0 0.556565 0.757412 0.072727 0.027027
0 0.558276 0.758318 0.072727 0.027027
0 0.558488 0.757197 0.072727 0.027027
0 0.558570 0.756244 0.072727 0.027027
0 0.552654 0.757384 0.072727 0.027027
0 0.553600 0.753086 0.072727 0.027027
0 0.555017 0.751497 0.072727 0.027027
0 0.559417 0.751460 0.072727 0.027027
0 0.558863 0.751067 0.072727 0.027027
0 0.557608 0.751226 0.072727 0.027027
0 0.558358 0.751357 0.072727 0.027027
0 0.560085 0.764514 0.072727 0.027027
0 0.560802 0.764112 0.072727 0.027027
0 0.559857 0.763766 0.072727 0.027027
0 0.556060 0.764065 0.072727 0.027027
0 0.556842 0.764140 0.072727 0.027027
0 0.557005 0.764570 0.072727 0.027027
0 0.558081 0.765411 0.072727 0.027027
0 0.558667 0.763150 0.072727 0.027027
0 0.557641 0.763617 0.072727 0.027027
0 0.556859 0.763430 0.072727 0.027027
0 0.558553 0.761243 0.072727 0.027027
0 0.557576 0.761421 0.072727 0.027027
0 0.556028 0.761094 0.072727 0.027027
0 0.555962 0.761580 0.072727 0.027027
0 0.552638 0.760393 0.072727 0.027027
0 0.550552 0.758832 0.072727 0.027027
0 0.548792 0.759589 0.072727 0.027027
0 0.546902 0.761337 0.072727 0.027027
0 0.547326 0.757926 0.072727 0.027027
0 0.546543 0.757758 0.072727 0.027027
0 0.551188 0.755749 0.072727 0.027027
0 0.550634 0.756216 0.072727 0.027027
0 0.548043 0.755478 0.072727 0.027027
0 0.548336 0.753889 0.072727 0.027027
0 0.550112 0.752674 0.072727 0.027027
0 0.548385 0.753001 0.072727 0.027027
0 0.550031 0.751404 0.072727 0.027027
0 0.550650 0.750581 0.072727 0.027027
0 0.539227 0.756814 0.072727 0.027027
0 0.539878 0.756076 0.072727 0.027027
0 0.543757 0.754861 0.072727 0.027027
0 0.543040 0.754384 0.072727 0.027027
0 0.543594 0.752572 0.072727 0.027027
0 0.544441 0.752002 0.072727 0.027027
0 0.541638 0.751114 0.072727 0.027027
0 0.538412 0.753983 0.072727 0.027027
0 0.540139 0.752740 0.072727 0.027027
0 0.536375 0.751731 0.072727 0.027027
0 0.536245 0.752020 0.072727 0.027027
0 0.535185 0.752291 0.072727 0.027027
0 0.536179 0.752852 0.072727 0.027027
0 0.537076 0.753001 0.072727 0.027027
0 0.538249 0.753151 0.072727 0.027027
0 0.537581 0.753394 0.072727 0.027027
0 0.537336 0.754198 0.072727 0.027027
0 0.536179 0.754328 0.072727 0.027027
0 0.536750 0.755861 0.072727 0.027027
0 0.532317 0.755328 0.072727 0.027027
0 0.529400 0.756926 0.072727 0.027027
0 0.529694 0.756506 0.072727 0.027027
0 0.531535 0.758132 0.072727 0.027027
0 0.534664 0.757973 0.072727 0.027027
0 0.534859 0.758104 0.072727 0.027027
0 0.535153 0.758094 0.072727 0.027027
0 0.535479 0.759421 0.072727 0.027027
0 0.535658 0.759001 0.072727 0.027027
0 0.536424 0.758823 0.072727 0.027027
0 0.530720 0.759533 0.072727 0.027027
0 0.530997 0.760402 0.072727 0.027027
0 0.534729 0.761468 0.072727 0.027027
0 0.534289 0.761122 0.072727 0.027027
0 0.532855 0.760823 0.072727 0.027027
0 0.530916 0.763906 0.072727 0.027027
0 0.530427 0.764131 0.072727 0.027027
0 0.535739 0.764495 0.072727 0.027027
0 0.536440 0.763934 0.072727 0.027027
0 0.539927 0.763934 0.072727 0.027027
0 0.536831 0.763206 0.072727 0.027027
0 0.536701 0.762617 0.072727 0.027027
0 0.535544 0.762299 0.072727 0.027027
0 0.537010 0.762542 0.072727 0.027027
0 0.538330 0.762299 0.072727 0.027027
0 0.537516 0.764131 0.072727 0.027027
0 0.544490 0.762944 0.072727 0.027027
0 0.542095 0.762935 0.072727 0.027027
0 0.543480 0.763860 0.072727 0.027027
0 0.542502 0.763598 0.072727 0.027027
0 0.540221 0.762636 0.072727 0.027027
0 0.532464 0.752777 0.072727 0.027027
0 0.523925 0.752179 0.072727 0.027027
0 0.535397 0.745105 0.072727 0.027027
0 0.533833 0.746414 0.072727 0.027027
0 0.534354 0.746816 0.072727 0.027027
0 0.535153 0.747853 0.072727 0.027027
0 0.536130 0.748404 0.072727 0.027027
0 0.536668 0.748787 0.072727 0.027027
0 0.537972 0.749413 0.072727 0.027027
0 0.538836 0.749647 0.072727 0.027027
0 0.539585 0.749469 0.072727 0.027027
0 0.540253 0.749880 0.072727 0.027027
0 0.542258 0.749320 0.072727 0.027027
0 0.541899 0.749376 0.072727 0.027027
0 0.541867 0.749993 0.072727 0.027027
0 0.542632 0.750086 0.072727 0.027027
0 0.543154 0.750077 0.072727 0.027027
0 0.537304 0.750553 0.072727 0.027027
0 0.539259 0.750918 0.072727 0.027027
0 0.539324 0.750479 0.072727 0.027027
0 0.539993 0.751880 0.072727 0.027027
0 0.535756 0.752020 0.072727 0.027027
0 0.535902 0.747507 0.072727 0.027027
0 0.537483 0.747488 0.072727 0.027027
0 0.539047 0.747442 0.072727 0.027027
0 0.541150 0.747965 0.072727 0.027027
0 0.538282 0.748077 0.072727 0.027027
0 0.539585 0.745442 0.072727 0.027027
0 0.539927 0.744377 0.072727 0.027027
0 0.539960 0.742797 0.072727 0.027027
0 0.542388 0.742639 0.072727 0.027027
0 0.543496 0.744190 0.072727 0.027027
0 0.544066 0.744190 0.072727 0.027027
0 0.545109 0.747086 0.072727 0.027027
0 0.544050 0.747133 0.072727 0.027027
0 0.544458 0.749152 0.072727 0.027027
0 0.544441 0.748628 0.072727 0.027027
0 0.544898 0.748825 0.072727 0.027027
0 0.547375 0.749609 0.072727 0.027027
0 0.546006 0.750077 0.072727 0.027027
0 0.550503 0.749909 0.072727 0.027027
0 0.547472 0.746629 0.072727 0.027027
0 0.548157 0.745703 0.072727 0.027027
0 0.546299 0.744806 0.072727 0.027027
0 0.543480 0.739742 0.072727 0.027027
0 0.555099 0.741115 0.072727 0.027027
0 0.555962 0.741573 0.072727 0.027027
0 0.555734 0.742237 0.072727 0.027027
0 0.556419 0.742872 0.072727 0.027027
0 0.557690 0.741994 0.072727 0.027027
0 0.555881 0.739817 0.072727 0.027027
0 0.556125 0.739592 0.072727 0.027027
0 0.558765 0.739667 0.072727 0.027027
0 0.553355 0.735854 0.072727 0.027027
0 0.552850 0.736256 0.072727 0.027027
0 0.551286 0.737480 0.072727 0.027027
0 0.552752 0.737480 0.072727 0.027027
0 0.553290 0.737340 0.072727 0.027027
0 0.553322 0.738415 0.072727 0.027027
0 0.553551 0.737854 0.072727 0.027027
0 0.550927 0.741125 0.072727 0.027027
0 0.551807 0.740630 0.072727 0.027027
0 0.537656 0.737951 0.072727 0.027027
0 0.536923 0.738509 0.072727 0.027027
0 0.536359 0.738590 0.072727 0.027027
0 0.534386 0.739624 0.072727 0.027027
0 0.534809 0.741346 0.072727 0.027027
0 0.534868 0.741867 0.072727 0.027027
0 0.511583 0.745815 0.072727 0.027027
0 0.508764 0.746092 0.072727 0.027027
0 0.551778 0.735187 0.072727 0.027027
0 0.554345 0.733992 0.072727 0.027027
0 0.555716 0.733969 0.072727 0.027027
0 0.568438 0.736936 0.072727 0.027027
0 0.525851 0.732507 0.072727 0.027027
0 0.519122 0.733127 0.072727 0.027027
0 0.518787 0.735271 0.072727 0.027027
0 0.531514 0.763197 0.072727 0.027027
0 0.531274 0.761785 0.072727 0.027027
0 0.525601 0.760833 0.072727 0.027027
0 0.508881 0.753882 0.072727 0.027027
0 0.536170 0.737851 0.072727 0.027027
0 0.536894 0.745457 0.072727 0.027027
0 0.539012 0.746655 0.072727 0.027027
0 0.539298 0.757787 0.072727 0.027027
0 0.541033 0.756972 0.072727 0.027027
0 0.535132 0.763395 0.072727 0.027027
0 0.572135 0.749003 0.072727 0.027027
0 0.525183 0.744973 0.072727 0.027027
0 0.542416 0.732463 0.072727 0.027027
0 0.542911 0.731871 0.072727 0.027027
0 0.543575 0.730923 0.072727 0.027027
0 0.548652 0.731563 0.072727 0.027027