0 0.646726 0.137654 0.054422 0.037123
0 0.641087 0.134604 0.054422 0.037123
0 0.610968 0.134347 0.054422 0.037123
0 0.601483 0.138462 0.054422 0.037123
0 0.601163 0.145114 0.054422 0.037123
0 0.596421 0.148825 0.054422 0.037123
0 0.591807 0.152500 0.054422 0.037123
0 0.594370 0.156836 0.054422 0.037123
0 0.592640 0.161135 0.054422 0.037123
0 0.598920 0.165067 0.054422 0.037123
0 0.603662 0.169403 0.054422 0.037123
0 0.604047 0.174438 0.054422 0.037123
0 0.607187 0.177230 0.054422 0.037123
0 0.619106 0.177488 0.054422 0.037123
0 0.636217 0.175834 0.054422 0.037123
0 0.646726 0.174695 0.054422 0.037123
0 0.649866 0.174327 0.054422 0.037123
0 0.652365 0.172600 0.054422 0.037123
0 0.656339 0.170432 0.054422 0.037123
0 0.659607 0.165177 0.054422 0.037123
0 0.659479 0.157497 0.054422 0.037123
0 0.658774 0.153088 0.054422 0.037123
0 0.656659 0.146326 0.054422 0.037123
0 0.655634 0.141806 0.054422 0.037123
0 0.493706 0.141685 0.054422 0.037123
0 0.484570 0.148217 0.054422 0.037123
0 0.481390 0.163171 0.054422 0.037123
0 0.496077 0.168709 0.054422 0.037123
0 0.503016 0.168477 0.054422 0.037123
0 0.521635 0.164199 0.054422 0.037123
0 0.529210 0.156175 0.054422 0.037123
0 0.528806 0.147885 0.054422 0.037123
0 0.525452 0.143310 0.054422 0.037123
0 0.519149 0.140060 0.054422 0.037123
0 0.515217 0.139198 0.054422 0.037123
0 0.489871 0.158412 0.054422 0.037123
0 0.493224 0.158297 0.054422 0.037123
0 0.492452 0.159943 0.054422 0.037123
0 0.494909 0.160879 0.054422 0.037123
0 0.488117 0.163126 0.054422 0.037123
0 0.487681 0.163291 0.054422 0.037123
0 0.489440 0.164524 0.054422 0.037123
0 0.489040 0.164273 0.054422 0.037123
0 0.494098 0.164216 0.054422 0.037123
0 0.494318 0.164124 0.054422 0.037123
0 0.494892 0.164290 0.054422 0.037123
0 0.501880 0.167596 0.054422 0.037123
0 0.505089 0.166273 0.054422 0.037123
0 0.500972 0.165782 0.054422 0.037123
0 0.507791 0.166210 0.054422 0.037123
0 0.506162 0.165485 0.054422 0.037123
0 0.509356 0.164536 0.054422 0.037123
0 0.513129 0.165653 0.054422 0.037123
0 0.517597 0.164952 0.054422 0.037123
0 0.516972 0.165046 0.054422 0.037123
0 0.518507 0.163117 0.054422 0.037123
0 0.512804 0.162496 0.054422 0.037123
0 0.514970 0.162150 0.054422 0.037123
0 0.509484 0.163043 0.054422 0.037123
0 0.518573 0.159933 0.054422 0.037123
0 0.518530 0.159372 0.054422 0.037123
0 0.519859 0.159846 0.054422 0.037123
0 0.522726 0.157712 0.054422 0.037123
0 0.523526 0.157815 0.054422 0.037123
0 0.524091 0.157232 0.054422 0.037123
0 0.523761 0.156919 0.054422 0.037123
0 0.527531 0.156998 0.054422 0.037123
0 0.526131 0.158076 0.054422 0.037123
0 0.496841 0.157808 0.054422 0.037123
0 0.498370 0.157388 0.054422 0.037123
0 0.505064 0.156205 0.054422 0.037123
0 0.507708 0.155200 0.054422 0.037123
0 0.500533 0.154300 0.054422 0.037123
0 0.504039 0.154059 0.054422 0.037123
0 0.506663 0.151523 0.054422 0.037123
0 0.506439 0.151609 0.054422 0.037123
0 0.501059 0.152123 0.054422 0.037123
0 0.502137 0.152295 0.054422 0.037123
0 0.502511 0.152086 0.054422 0.037123
0 0.503183 0.151682 0.054422 0.037123
0 0.503557 0.151162 0.054422 0.037123
0 0.503824 0.151511 0.054422 0.037123
0 0.502265 0.151927 0.054422 0.037123
0 0.502302 0.151119 0.054422 0.037123
0 0.502051 0.149716 0.054422 0.037123
0 0.502933 0.150210 0.054422 0.037123
0 0.500988 0.149382 0.054422 0.037123
0 0.506925 0.149998 0.054422 0.037123
0 0.506704 0.149606 0.054422 0.037123
0 0.508913 0.151310 0.054422 0.037123
0 0.509910 0.151756 0.054422 0.037123
0 0.511956 0.151164 0.054422 0.037123
0 0.510804 0.151209 0.054422 0.037123
0 0.513869 0.150235 0.054422 0.037123
0 0.510138 0.148719 0.054422 0.037123
0 0.514604 0.149711 0.054422 0.037123
0 0.515283 0.149370 0.054422 0.037123
0 0.516149 0.148783 0.054422 0.037123
0 0.515629 0.148832 0.054422 0.037123
0 0.516857 0.148232 0.054422 0.037123
0 0.507048 0.146099 0.054422 0.037123
0 0.510206 0.146685 0.054422 0.037123
0 0.511294 0.146157 0.054422 0.037123
0 0.511541 0.145923 0.054422 0.037123
0 0.511654 0.145679 0.054422 0.037123
0 0.517489 0.145185 0.054422 0.037123
0 0.496277 0.151903 0.054422 0.037123
0 0.493971 0.152351 0.054422 0.037123
0 0.491915 0.152088 0.054422 0.037123
0 0.495789 0.154682 0.054422 0.037123
0 0.489803 0.154720 0.054422 0.037123
0 0.487330 0.148985 0.054422 0.037123
0 0.487647 0.147597 0.054422 0.037123
0 0.484447 0.149942 0.054422 0.037123
0 0.494400 0.144311 0.054422 0.037123
0 0.497160 0.145153 0.054422 0.037123
0 0.506522 0.141585 0.054422 0.037123
0 0.509525 0.140184 0.054422 0.037123
0 0.510190 0.140073 0.054422 0.037123
0 0.514415 0.140348 0.054422 0.037123
0 0.515908 0.140294 0.054422 0.037123
0 0.513770 0.139386 0.054422 0.037123
0 0.525409 0.147733 0.054422 0.037123
0 0.523425 0.149454 0.054422 0.037123
0 0.522101 0.150670 0.054422 0.037123
0 0.519505 0.150986 0.054422 0.037123
0 0.519702 0.150728 0.054422 0.037123
0 0.515324 0.151761 0.054422 0.037123
0 0.515635 0.152319 0.054422 0.037123
0 0.513987 0.153493 0.054422 0.037123
0 0.512706 0.154768 0.054422 0.037123
0 0.511549 0.156873 0.054422 0.037123
0 0.512999 0.156676 0.054422 0.037123
0 0.495999 0.159688 0.054422 0.037123
0 0.526509 0.156640 0.054422 0.037123
0 0.605801 0.174705 0.054422 0.037123
0 0.604744 0.172432 0.054422 0.037123
0 0.606742 0.171227 0.054422 0.037123
0 0.607843 0.171033 0.054422 0.037123
0 0.608791 0.170775 0.054422 0.037123
0 0.609165 0.170300 0.054422 0.037123
0 0.607946 0.169883 0.054422 0.037123
0 0.604759 0.171736 0.054422 0.037123
0 0.608982 0.168571 0.054422 0.037123
0 0.604563 0.168519 0.054422 0.037123
0 0.605117 0.167212 0.054422 0.037123
0 0.606551 0.167591 0.054422 0.037123
0 0.609478 0.167850 0.054422 0.037123
0 0.611577 0.167828 0.054422 0.037123
0 0.606282 0.166303 0.054422 0.037123
0 0.605429 0.165524 0.054422 0.037123
0 0.601035 0.164854 0.054422 0.037123
0 0.600962 0.163915 0.054422 0.037123
0 0.598656 0.163573 0.054422 0.037123
0 0.597459 0.163292 0.054422 0.037123
0 0.603790 0.164214 0.054422 0.037123
0 0.605540 0.163652 0.054422 0.037123
0 0.605096 0.164091 0.054422 0.037123
0 0.606396 0.163201 0.054422 0.037123
0 0.602519 0.162659 0.054422 0.037123
0 0.597827 0.162221 0.054422 0.037123
0 0.593215 0.161401 0.054422 0.037123
0 0.594281 0.160334 0.054422 0.037123
0 0.593951 0.160337 0.054422 0.037123
0 0.601735 0.161147 0.054422 0.037123
0 0.595795 0.156692 0.054422 0.037123
0 0.599602 0.156931 0.054422 0.037123
0 0.595375 0.154502 0.054422 0.037123
0 0.601207 0.155007 0.054422 0.037123
0 0.602942 0.154914 0.054422 0.037123
0 0.594529 0.152676 0.054422 0.037123
0 0.594710 0.152094 0.054422 0.037123
0 0.600230 0.151420 0.054422 0.037123
0 0.600765 0.151893 0.054422 0.037123
0 0.601482 0.151571 0.054422 0.037123
0 0.601311 0.150016 0.054422 0.037123
0 0.602553 0.152265 0.054422 0.037123
0 0.601714 0.152704 0.054422 0.037123
0 0.601387 0.152700 0.054422 0.037123
0 0.603426 0.155984 0.054422 0.037123
0 0.602310 0.156471 0.054422 0.037123
0 0.602129 0.157165 0.054422 0.037123
0 0.601915 0.156976 0.054422 0.037123
0 0.603745 0.158716 0.054422 0.037123
0 0.605325 0.158076 0.054422 0.037123
0 0.605296 0.157138 0.054422 0.037123
0 0.606359 0.156352 0.054422 0.037123
0 0.606952 0.156435 0.054422 0.037123
0 0.605249 0.153605 0.054422 0.037123
0 0.610365 0.154917 0.054422 0.037123
0 0.601786 0.160271 0.054422 0.037123
0 0.604128 0.161454 0.054422 0.037123
0 0.610316 0.164172 0.054422 0.037123
0 0.611709 0.163570 0.054422 0.037123
0 0.611727 0.163282 0.054422 0.037123
0 0.610142 0.165424 0.054422 0.037123
0 0.611261 0.165134 0.054422 0.037123
0 0.609205 0.166278 0.054422 0.037123
0 0.608774 0.166676 0.054422 0.037123
0 0.610317 0.166264 0.054422 0.037123
0 0.615046 0.163971 0.054422 0.037123
0 0.616259 0.163189 0.054422 0.037123
0 0.615844 0.163020 0.054422 0.037123
0 0.615799 0.162826 0.054422 0.037123
0 0.615159 0.163076 0.054422 0.037123
0 0.618333 0.162979 0.054422 0.037123
0 0.618530 0.163676 0.054422 0.037123
0 0.619127 0.163465 0.054422 0.037123
0 0.618599 0.163202 0.054422 0.037123
0 0.617579 0.162470 0.054422 0.037123
0 0.617393 0.162122 0.054422 0.037123
0 0.617851 0.161303 0.054422 0.037123
0 0.616391 0.161063 0.054422 0.037123
0 0.611451 0.159534 0.054422 0.037123
0 0.613780 0.159755 0.054422 0.037123
0 0.615474 0.160064 0.054422 0.037123
0 0.616939 0.159650 0.054422 0.037123
0 0.618687 0.160263 0.054422 0.037123
0 0.616460 0.157846 0.054422 0.037123
0 0.615122 0.166163 0.054422 0.037123
0 0.619977 0.168354 0.054422 0.037123
0 0.621971 0.167862 0.054422 0.037123
0 0.621899 0.168496 0.054422 0.037123
0 0.621463 0.166813 0.054422 0.037123
0 0.621522 0.167148 0.054422 0.037123
0 0.620889 0.166953 0.054422 0.037123
0 0.622659 0.167255 0.054422 0.037123
0 0.623722 0.166758 0.054422 0.037123
0 0.624295 0.166666 0.054422 0.037123
0 0.624548 0.166215 0.054422 0.037123
0 0.624537 0.165739 0.054422 0.037123
0 0.624140 0.165565 0.054422 0.037123
0 0.623664 0.166063 0.054422 0.037123
0 0.623896 0.165293 0.054422 0.037123
0 0.624852 0.165036 0.054422 0.037123
0 0.624000 0.164690 0.054422 0.037123
0 0.620834 0.163517 0.054422 0.037123
0 0.621065 0.163323 0.054422 0.037123
0 0.628070 0.166179 0.054422 0.037123
0 0.629124 0.166164 0.054422 0.037123
0 0.629765 0.165656 0.054422 0.037123
0 0.631226 0.165733 0.054422 0.037123
0 0.633526 0.166115 0.054422 0.037123
0 0.633215 0.165758 0.054422 0.037123
0 0.622681 0.163653 0.054422 0.037123
0 0.623485 0.163600 0.054422 0.037123
0 0.626563 0.163431 0.054422 0.037123
0 0.624223 0.160878 0.054422 0.037123
0 0.626534 0.175628 0.054422 0.037123
0 0.624995 0.173754 0.054422 0.037123
0 0.616834 0.172334 0.054422 0.037123
0 0.612406 0.172185 0.054422 0.037123
0 0.612882 0.172084 0.054422 0.037123
0 0.616719 0.170621 0.054422 0.037123
0 0.616491 0.170728 0.054422 0.037123
0 0.621329 0.171226 0.054422 0.037123
0 0.619312 0.169888 0.054422 0.037123
0 0.624969 0.167424 0.054422 0.037123
0 0.631320 0.174531 0.054422 0.037123
0 0.634856 0.174106 0.054422 0.037123
0 0.634686 0.173833 0.054422 0.037123
0 0.635044 0.173443 0.054422 0.037123
0 0.635761 0.172895 0.054422 0.037123
0 0.635290 0.172928 0.054422 0.037123
0 0.637010 0.172323 0.054422 0.037123
0 0.641597 0.174791 0.054422 0.037123
0 0.642017 0.174097 0.054422 0.037123
0 0.637716 0.171836 0.054422 0.037123
0 0.639327 0.171904 0.054422 0.037123
0 0.640951 0.172210 0.054422 0.037123
0 0.642816 0.172408 0.054422 0.037123
0 0.643203 0.171733 0.054422 0.037123
0 0.638779 0.170640 0.054422 0.037123
0 0.640675 0.170899 0.054422 0.037123
0 0.641665 0.170692 0.054422 0.037123
0 0.639819 0.170128 0.054422 0.037123
0 0.640821 0.170612 0.054422 0.037123
0 0.649317 0.173894 0.054422 0.037123
0 0.648527 0.173151 0.054422 0.037123
0 0.650592 0.173154 0.054422 0.037123
0 0.645908 0.172368 0.054422 0.037123
0 0.646493 0.172389 0.054422 0.037123
0 0.649662 0.172050 0.054422 0.037123
0 0.648614 0.171495 0.054422 0.037123
0 0.647256 0.171557 0.054422 0.037123
0 0.647725 0.171580 0.054422 0.037123
0 0.648025 0.171459 0.054422 0.037123
0 0.649294 0.171541 0.054422 0.037123
0 0.650171 0.171593 0.054422 0.037123
0 0.648637 0.171294 0.054422 0.037123
0 0.649107 0.170523 0.054422 0.037123
0 0.648979 0.170300 0.054422 0.037123
0 0.648606 0.170463 0.054422 0.037123
0 0.647982 0.170165 0.054422 0.037123
0 0.646076 0.170265 0.054422 0.037123
0 0.645363 0.169772 0.054422 0.037123
0 0.646078 0.169682 0.054422 0.037123
0 0.645104 0.169642 0.054422 0.037123
0 0.654242 0.170727 0.054422 0.037123
0 0.654866 0.170613 0.054422 0.037123
0 0.636846 0.168905 0.054422 0.037123
0 0.638698 0.168865 0.054422 0.037123
0 0.639186 0.168534 0.054422 0.037123
0 0.639664 0.168346 0.054422 0.037123
0 0.640082 0.168169 0.054422 0.037123
0 0.640689 0.169202 0.054422 0.037123
0 0.641525 0.168991 0.054422 0.037123
0 0.641882 0.170328 0.054422 0.037123
0 0.641941 0.169780 0.054422 0.037123
0 0.643272 0.170767 0.054422 0.037123
0 0.643623 0.170303 0.054422 0.037123
0 0.643637 0.170173 0.054422 0.037123
0 0.643371 0.169907 0.054422 0.037123
0 0.642409 0.170124 0.054422 0.037123
0 0.642604 0.168569 0.054422 0.037123
0 0.643318 0.168222 0.054422 0.037123
0 0.644567 0.168886 0.054422 0.037123
0 0.644250 0.168278 0.054422 0.037123
0 0.644469 0.167668 0.054422 0.037123
0 0.645248 0.167827 0.054422 0.037123
0 0.641334 0.167258 0.054422 0.037123
0 0.641736 0.166783 0.054422 0.037123
0 0.644089 0.167246 0.054422 0.037123
0 0.648093 0.166993 0.054422 0.037123
0 0.647470 0.166738 0.054422 0.037123
0 0.649869 0.167699 0.054422 0.037123
0 0.656602 0.165021 0.054422 0.037123
0 0.655949 0.165055 0.054422 0.037123
0 0.655472 0.164255 0.054422 0.037123
0 0.656544 0.163725 0.054422 0.037123
0 0.658952 0.165966 0.054422 0.037123
0 0.640643 0.166027 0.054422 0.037123
0 0.638805 0.166196 0.054422 0.037123
0 0.636732 0.165853 0.054422 0.037123
0 0.638789 0.165304 0.054422 0.037123
0 0.642466 0.164591 0.054422 0.037123
0 0.641524 0.163736 0.054422 0.037123
0 0.648677 0.163973 0.054422 0.037123
0 0.642049 0.162020 0.054422 0.037123
0 0.643820 0.161108 0.054422 0.037123
0 0.641451 0.160942 0.054422 0.037123
0 0.642772 0.159492 0.054422 0.037123
0 0.641354 0.158842 0.054422 0.037123
0 0.647167 0.159607 0.054422 0.037123
0 0.647541 0.158668 0.054422 0.037123
0 0.649582 0.159765 0.054422 0.037123
0 0.650813 0.159895 0.054422 0.037123
0 0.656920 0.161474 0.054422 0.037123
0 0.651087 0.157553 0.054422 0.037123
0 0.654617 0.156282 0.054422 0.037123
0 0.650124 0.155998 0.054422 0.037123
0 0.649702 0.155299 0.054422 0.037123
0 0.650550 0.154809 0.054422 0.037123
0 0.649895 0.154416 0.054422 0.037123
0 0.649942 0.154034 0.054422 0.037123
0 0.655191 0.154467 0.054422 0.037123
0 0.653960 0.153407 0.054422 0.037123
0 0.645655 0.155955 0.054422 0.037123
0 0.639850 0.156011 0.054422 0.037123
0 0.639033 0.154317 0.054422 0.037123
0 0.638308 0.153246 0.054422 0.037123
0 0.642879 0.153272 0.054422 0.037123
0 0.647496 0.154230 0.054422 0.037123
0 0.645840 0.153136 0.054422 0.037123
0 0.648341 0.153582 0.054422 0.037123
0 0.648308 0.153043 0.054422 0.037123
0 0.651551 0.152489 0.054422 0.037123
0 0.652316 0.151907 0.054422 0.037123
0 0.652873 0.151854 0.054422 0.037123
0 0.654179 0.152094 0.054422 0.037123
0 0.654917 0.151588 0.054422 0.037123
0 0.656435 0.151591 0.054422 0.037123
0 0.649513 0.151336 0.054422 0.037123
0 0.649558 0.151186 0.054422 0.037123
0 0.649846 0.150808 0.054422 0.037123
0 0.649136 0.151336 0.054422 0.037123
0 0.644727 0.150380 0.054422 0.037123
0 0.644088 0.150862 0.054422 0.037123
0 0.652084 0.150170 0.054422 0.037123
0 0.652392 0.149688 0.054422 0.037123
0 0.651156 0.151190 0.054422 0.037123
0 0.650409 0.149139 0.054422 0.037123
0 0.652105 0.148758 0.054422 0.037123
0 0.652230 0.148033 0.054422 0.037123
0 0.656819 0.148273 0.054422 0.037123
0 0.645751 0.145921 0.054422 0.037123
0 0.653750 0.142847 0.054422 0.037123
0 0.648156 0.141487 0.054422 0.037123
0 0.645574 0.139986 0.054422 0.037123
0 0.638818 0.147769 0.054422 0.037123
0 0.638109 0.147472 0.054422 0.037123
0 0.634425 0.146303 0.054422 0.037123
0 0.631040 0.145622 0.054422 0.037123
0 0.630408 0.148884 0.054422 0.037123
0 0.628690 0.148672 0.054422 0.037123
0 0.627138 0.148427 0.054422 0.037123
0 0.629439 0.148063 0.054422 0.037123
0 0.634131 0.149836 0.054422 0.037123
0 0.630262 0.151634 0.054422 0.037123
0 0.636759 0.153809 0.054422 0.037123
0 0.630435 0.156071 0.054422 0.037123
0 0.626466 0.157236 0.054422 0.037123
0 0.633055 0.159277 0.054422 0.037123
0 0.633720 0.163123 0.054422 0.037123
0 0.623761 0.155163 0.054422 0.037123
0 0.621121 0.154722 0.054422 0.037123
0 0.622113 0.153872 0.054422 0.037123
0 0.613639 0.154225 0.054422 0.037123
0 0.614021 0.154388 0.054422 0.037123
0 0.609497 0.152794 0.054422 0.037123
0 0.608283 0.152467 0.054422 0.037123
0 0.614839 0.152305 0.054422 0.037123
0 0.616087 0.150948 0.054422 0.037123
0 0.611360 0.151094 0.054422 0.037123
0 0.604452 0.152314 0.054422 0.037123
0 0.606152 0.151339 0.054422 0.037123
0 0.605678 0.150909 0.054422 0.037123
0 0.606499 0.151124 0.054422 0.037123
0 0.605004 0.150994 0.054422 0.037123
0 0.605768 0.150063 0.054422 0.037123
0 0.606617 0.150204 0.054422 0.037123
0 0.607003 0.150447 0.054422 0.037123
0 0.607556 0.150592 0.054422 0.037123
0 0.607969 0.150334 0.054422 0.037123
0 0.606957 0.149656 0.054422 0.037123
0 0.608044 0.149557 0.054422 0.037123
0 0.609809 0.150730 0.054422 0.037123
0 0.611177 0.150329 0.054422 0.037123
0 0.612390 0.149860 0.054422 0.037123
0 0.611407 0.150010 0.054422 0.037123
0 0.611613 0.147843 0.054422 0.037123
0 0.602863 0.149527 0.054422 0.037123
0 0.604029 0.148652 0.054422 0.037123
0 0.604590 0.148567 0.054422 0.037123
0 0.604853 0.147303 0.054422 0.037123
0 0.604294 0.146745 0.054422 0.037123
0 0.606535 0.147333 0.054422 0.037123
0 0.606963 0.147610 0.054422 0.037123
0 0.608529 0.146826 0.054422 0.037123
0 0.603846 0.146062 0.054422 0.037123
0 0.602516 0.145471 0.054422 0.037123
0 0.601539 0.146041 0.054422 0.037123
0 0.607876 0.148757 0.054422 0.037123
0 0.605597 0.144351 0.054422 0.037123
0 0.606113 0.143990 0.054422 0.037123
0 0.606250 0.144154 0.054422 0.037123
0 0.607664 0.143963 0.054422 0.037123
0 0.608186 0.144410 0.054422 0.037123
0 0.609205 0.143917 0.054422 0.037123
0 0.609531 0.143530 0.054422 0.037123
0 0.612151 0.144261 0.054422 0.037123
0 0.607859 0.142351 0.054422 0.037123
0 0.608384 0.142433 0.054422 0.037123
0 0.612021 0.142635 0.054422 0.037123
0 0.604336 0.140889 0.054422 0.037123
0 0.603212 0.138307 0.054422 0.037123
0 0.609286 0.139690 0.054422 0.037123
0 0.612184 0.141048 0.054422 0.037123
0 0.610855 0.137800 0.054422 0.037123
0 0.612584 0.138342 0.054422 0.037123
0 0.609277 0.135389 0.054422 0.037123
0 0.613766 0.137201 0.054422 0.037123
0 0.613931 0.135570 0.054422 0.037123
0 0.616533 0.137376 0.054422 0.037123
0 0.614770 0.139127 0.054422 0.037123
0 0.615102 0.143155 0.054422 0.037123
0 0.616587 0.143201 0.054422 0.037123
0 0.617170 0.145865 0.054422 0.037123
0 0.614950 0.149076 0.054422 0.037123
0 0.620915 0.149787 0.054422 0.037123
0 0.619858 0.149587 0.054422 0.037123
0 0.621692 0.149357 0.054422 0.037123
0 0.624334 0.144384 0.054422 0.037123
0 0.621790 0.145434 0.054422 0.037123
0 0.617813 0.145017 0.054422 0.037123
0 0.617717 0.144317 0.054422 0.037123
0 0.626098 0.143041 0.054422 0.037123
0 0.627370 0.142733 0.054422 0.037123
0 0.626796 0.141736 0.054422 0.037123
0 0.624778 0.138197 0.054422 0.037123
0 0.629518 0.141082 0.054422 0.037123
0 0.631765 0.141375 0.054422 0.037123
0 0.631931 0.141504 0.054422 0.037123
0 0.632580 0.141877 0.054422 0.037123
0 0.636123 0.141479 0.054422 0.037123
0 0.622843 0.135412 0.054422 0.037123
0 0.627495 0.136635 0.054422 0.037123
0 0.631955 0.136761 0.054422 0.037123
0 0.631939 0.135878 0.054422 0.037123
0 0.632831 0.135239 0.054422 0.037123
0 0.635056 0.135523 0.054422 0.037123
0 0.636850 0.136101 0.054422 0.037123
0 0.641962 0.137629 0.054422 0.037123
0 0.644191 0.137869 0.054422 0.037123
0 0.643530 0.138659 0.054422 0.037123
0 0.643166 0.138441 0.054422 0.037123
0 0.628862 0.142474 0.054422 0.037123
0 0.621961 0.153036 0.054422 0.037123
0 0.622058 0.152451 0.054422 0.037123
0 0.642960 0.156877 0.054422 0.037123
0 0.496757 0.168113 0.054422 0.037123
0 0.497310 0.167772 0.054422 0.037123
0 0.496752 0.167455 0.054422 0.037123
0 0.498176 0.167325 0.054422 0.037123
0 0.500213 0.166907 0.054422 0.037123
0 0.501316 0.166679 0.054422 0.037123
0 0.502581 0.165691 0.054422 0.037123
0 0.505385 0.165345 0.054422 0.037123
0 0.506148 0.164771 0.054422 0.037123
0 0.504732 0.164380 0.054422 0.037123
0 0.508246 0.165257 0.054422 0.037123
0 0.507364 0.164323 0.054422 0.037123
0 0.513046 0.164932 0.054422 0.037123
0 0.511713 0.163584 0.054422 0.037123
0 0.514774 0.163753 0.054422 0.037123
0 0.515964 0.164551 0.054422 0.037123
0 0.518031 0.163565 0.054422 0.037123
0 0.519782 0.163261 0.054422 0.037123
0 0.519916 0.162516 0.054422 0.037123
0 0.510748 0.162186 0.054422 0.037123
0 0.512928 0.161955 0.054422 0.037123
0 0.513422 0.161780 0.054422 0.037123
0 0.513465 0.161315 0.054422 0.037123
0 0.514777 0.160751 0.054422 0.037123
0 0.516862 0.159984 0.054422 0.037123
0 0.519966 0.160919 0.054422 0.037123
0 0.520272 0.160855 0.054422 0.037123
0 0.523990 0.161246 0.054422 0.037123
0 0.523892 0.160883 0.054422 0.037123
0 0.517001 0.159497 0.054422 0.037123
0 0.517828 0.159519 0.054422 0.037123
0 0.519692 0.159625 0.054422 0.037123
0 0.519609 0.159096 0.054422 0.037123
0 0.519977 0.159025 0.054422 0.037123
0 0.519194 0.158599 0.054422 0.037123
0 0.519503 0.158446 0.054422 0.037123
0 0.520268 0.158422 0.054422 0.037123
0 0.520808 0.158358 0.054422 0.037123
0 0.523994 0.159239 0.054422 0.037123
0 0.524121 0.157471 0.054422 0.037123
0 0.525129 0.157218 0.054422 0.037123
0 0.526067 0.156732 0.054422 0.037123
0 0.525463 0.156522 0.054422 0.037123
0 0.526462 0.156412 0.054422 0.037123
0 0.485431 0.163486 0.054422 0.037123
0 0.485890 0.163143 0.054422 0.037123
0 0.491671 0.164468 0.054422 0.037123
0 0.494782 0.164660 0.054422 0.037123
0 0.498497 0.164460 0.054422 0.037123
0 0.501505 0.162115 0.054422 0.037123
0 0.499787 0.163203 0.054422 0.037123
0 0.507764 0.160626 0.054422 0.037123
0 0.508409 0.160484 0.054422 0.037123
0 0.514331 0.157170 0.054422 0.037123
0 0.506633 0.158511 0.054422 0.037123
0 0.505234 0.157706 0.054422 0.037123
0 0.505229 0.157302 0.054422 0.037123
0 0.505428 0.156984 0.054422 0.037123
0 0.504593 0.157110 0.054422 0.037123
0 0.504014 0.157191 0.054422 0.037123
0 0.503562 0.157619 0.054422 0.037123
0 0.502746 0.157307 0.054422 0.037123
0 0.501958 0.157828 0.054422 0.037123
0 0.503037 0.156913 0.054422 0.037123
0 0.502025 0.156267 0.054422 0.037123
0 0.504624 0.155990 0.054422 0.037123
0 0.505119 0.156550 0.054422 0.037123
0 0.506108 0.156178 0.054422 0.037123
0 0.509484 0.156095 0.054422 0.037123
0 0.507564 0.156285 0.054422 0.037123
0 0.512134 0.155684 0.054422 0.037123
0 0.514577 0.154662 0.054422 0.037123
0 0.513953 0.154548 0.054422 0.037123
0 0.515758 0.153745 0.054422 0.037123
0 0.516939 0.153318 0.054422 0.037123
0 0.517555 0.153556 0.054422 0.037123
0 0.519267 0.152900 0.054422 0.037123
0 0.519304 0.152713 0.054422 0.037123
0 0.512222 0.153805 0.054422 0.037123
0 0.513005 0.153574 0.054422 0.037123
0 0.513391 0.153383 0.054422 0.037123
0 0.512294 0.152786 0.054422 0.037123
0 0.513255 0.152764 0.054422 0.037123
0 0.515268 0.152890 0.054422 0.037123
0 0.515374 0.152604 0.054422 0.037123
0 0.516638 0.152287 0.054422 0.037123
0 0.516502 0.152144 0.054422 0.037123
0 0.516676 0.151888 0.054422 0.037123
0 0.514789 0.151890 0.054422 0.037123
0 0.515148 0.151402 0.054422 0.037123
0 0.516022 0.151089 0.054422 0.037123
0 0.517497 0.150780 0.054422 0.037123
0 0.517567 0.151317 0.054422 0.037123
0 0.517637 0.151174 0.054422 0.037123
0 0.519118 0.151317 0.054422 0.037123
0 0.519118 0.150927 0.054422 0.037123
0 0.519852 0.150830 0.054422 0.037123
0 0.521914 0.150449 0.054422 0.037123
0 0.523364 0.149609 0.054422 0.037123
0 0.526954 0.149620 0.054422 0.037123
0 0.523618 0.149073 0.054422 0.037123
0 0.524153 0.148188 0.054422 0.037123
0 0.524171 0.147810 0.054422 0.037123
0 0.520973 0.148412 0.054422 0.037123
0 0.521408 0.147598 0.054422 0.037123
0 0.521330 0.146756 0.054422 0.037123
0 0.524808 0.146106 0.054422 0.037123
0 0.525050 0.146137 0.054422 0.037123
0 0.520331 0.146462 0.054422 0.037123
0 0.521331 0.145102 0.054422 0.037123
0 0.520831 0.144868 0.054422 0.037123
0 0.522857 0.144864 0.054422 0.037123
0 0.523214 0.144071 0.054422 0.037123
0 0.519082 0.145056 0.054422 0.037123
0 0.519647 0.144696 0.054422 0.037123
0 0.519457 0.144273 0.054422 0.037123
0 0.516882 0.145174 0.054422 0.037123
0 0.515903 0.145028 0.054422 0.037123
0 0.515485 0.146063 0.054422 0.037123
0 0.514833 0.146098 0.054422 0.037123
0 0.514231 0.145618 0.054422 0.037123
0 0.513354 0.146414 0.054422 0.037123
0 0.512651 0.146870 0.054422 0.037123
0 0.514496 0.146987 0.054422 0.037123
0 0.515091 0.147289 0.054422 0.037123
0 0.515632 0.147487 0.054422 0.037123
0 0.516742 0.147601 0.054422 0.037123
0 0.512327 0.148192 0.054422 0.037123
0 0.509846 0.147311 0.054422 0.037123
0 0.510558 0.145885 0.054422 0.037123
0 0.509013 0.146444 0.054422 0.037123
0 0.506586 0.147467 0.054422 0.037123
0 0.506097 0.147349 0.054422 0.037123
0 0.505539 0.147625 0.054422 0.037123
0 0.504753 0.147523 0.054422 0.037123
0 0.503975 0.147230 0.054422 0.037123
0 0.504664 0.146906 0.054422 0.037123
0 0.505869 0.146705 0.054422 0.037123
0 0.502743 0.148357 0.054422 0.037123
0 0.500784 0.148100 0.054422 0.037123
0 0.501396 0.149059 0.054422 0.037123
0 0.503173 0.149932 0.054422 0.037123
0 0.501969 0.150495 0.054422 0.037123
0 0.500949 0.150178 0.054422 0.037123
0 0.499605 0.150580 0.054422 0.037123
0 0.498563 0.149038 0.054422 0.037123
0 0.497238 0.149581 0.054422 0.037123
0 0.496455 0.150132 0.054422 0.037123
0 0.496390 0.150794 0.054422 0.037123
0 0.497808 0.150986 0.054422 0.037123
0 0.499664 0.147579 0.054422 0.037123
0 0.496591 0.148227 0.054422 0.037123
0 0.502395 0.151461 0.054422 0.037123
0 0.502708 0.151581 0.054422 0.037123
0 0.504120 0.151321 0.054422 0.037123
0 0.514163 0.150771 0.054422 0.037123
0 0.512736 0.149851 0.054422 0.037123
0 0.512069 0.151641 0.054422 0.037123
0 0.511031 0.150422 0.054422 0.037123
0 0.510304 0.150727 0.054422 0.037123
0 0.510201 0.151338 0.054422 0.037123
0 0.506970 0.152692 0.054422 0.037123
0 0.506065 0.152675 0.054422 0.037123
0 0.504711 0.153809 0.054422 0.037123
0 0.501352 0.152700 0.054422 0.037123
0 0.506527 0.154427 0.054422 0.037123
0 0.506603 0.154842 0.054422 0.037123
0 0.507789 0.154609 0.054422 0.037123
0 0.508568 0.154213 0.054422 0.037123
0 0.509527 0.154110 0.054422 0.037123
0 0.511403 0.154594 0.054422 0.037123
0 0.507132 0.155484 0.054422 0.037123
0 0.506625 0.156749 0.054422 0.037123
0 0.499922 0.157354 0.054422 0.037123
0 0.499044 0.157930 0.054422 0.037123
0 0.498594 0.158579 0.054422 0.037123
0 0.496484 0.159339 0.054422 0.037123
0 0.494411 0.161503 0.054422 0.037123
0 0.492908 0.161857 0.054422 0.037123
0 0.493077 0.162435 0.054422 0.037123
0 0.492824 0.163111 0.054422 0.037123
0 0.492017 0.162611 0.054422 0.037123
0 0.492011 0.163191 0.054422 0.037123
0 0.484948 0.161367 0.054422 0.037123
0 0.493625 0.159625 0.054422 0.037123
0 0.493766 0.159213 0.054422 0.037123
0 0.490303 0.158368 0.054422 0.037123
0 0.491378 0.158562 0.054422 0.037123
0 0.491965 0.157920 0.054422 0.037123
0 0.493440 0.158569 0.054422 0.037123
0 0.493802 0.158569 0.054422 0.037123
0 0.487301 0.156814 0.054422 0.037123
0 0.488217 0.157260 0.054422 0.037123
0 0.491932 0.156976 0.054422 0.037123
0 0.493314 0.156005 0.054422 0.037123
0 0.489292 0.156141 0.054422 0.037123
0 0.489902 0.155591 0.054422 0.037123
0 0.491475 0.155034 0.054422 0.037123
0 0.492417 0.155111 0.054422 0.037123
0 0.490259 0.155171 0.054422 0.037123
0 0.488916 0.154271 0.054422 0.037123
0 0.489360 0.153240 0.054422 0.037123
0 0.490143 0.153847 0.054422 0.037123
0 0.490212 0.154237 0.054422 0.037123
0 0.490249 0.153586 0.054422 0.037123
0 0.491277 0.153754 0.054422 0.037123
0 0.491581 0.153388 0.054422 0.037123
0 0.491874 0.153840 0.054422 0.037123
0 0.494340 0.153710 0.054422 0.037123
0 0.492432 0.152887 0.054422 0.037123
0 0.492953 0.152340 0.054422 0.037123
0 0.496013 0.152430 0.054422 0.037123
0 0.497701 0.152606 0.054422 0.037123
0 0.492450 0.151765 0.054422 0.037123
0 0.493728 0.151479 0.054422 0.037123
0 0.494131 0.151287 0.054422 0.037123
0 0.493311 0.151248 0.054422 0.037123
0 0.491257 0.150261 0.054422 0.037123
0 0.494383 0.150408 0.054422 0.037123
0 0.494063 0.148968 0.054422 0.037123
0 0.484189 0.150470 0.054422 0.037123
0 0.486526 0.149244 0.054422 0.037123
0 0.487452 0.148658 0.054422 0.037123
0 0.488814 0.147845 0.054422 0.037123
0 0.486810 0.147505 0.054422 0.037123
0 0.488563 0.147506 0.054422 0.037123
0 0.489233 0.146899 0.054422 0.037123
0 0.490257 0.147134 0.054422 0.037123
0 0.491640 0.145980 0.054422 0.037123
0 0.492042 0.145687 0.054422 0.037123
0 0.491887 0.145220 0.054422 0.037123
0 0.500397 0.143956 0.054422 0.037123
0 0.500771 0.143088 0.054422 0.037123
0 0.507571 0.141874 0.054422 0.037123
0 0.509375 0.140936 0.054422 0.037123
0 0.514863 0.140499 0.054422 0.037123
0 0.515467 0.140452 0.054422 0.037123
0 0.516325 0.140166 0.054422 0.037123
0 0.513744 0.140635 0.054422 0.037123
0 0.514463 0.140056 0.054422 0.037123
0 0.510897 0.143583 0.054422 0.037123
0 0.499583 0.153209 0.054422 0.037123
0 0.498799 0.154006 0.054422 0.037123
0 0.499420 0.154104 0.054422 0.037123
0 0.499993 0.154175 0.054422 0.037123
0 0.499606 0.154810 0.054422 0.037123
0 0.499108 0.155185 0.054422 0.037123
0 0.498888 0.155161 0.054422 0.037123
0 0.498308 0.154985 0.054422 0.037123
0 0.498233 0.154641 0.054422 0.037123
0 0.499821 0.154826 0.054422 0.037123
0 0.498957 0.155687 0.054422 0.037123
0 0.498527 0.156190 0.054422 0.037123
0 0.497570 0.156183 0.054422 0.037123
0 0.497839 0.156967 0.054422 0.037123
0 0.496650 0.156967 0.054422 0.037123
0 0.503056 0.142628 0.054422 0.037123
0 0.644868 0.173190 0.054422 0.037123
0 0.607532 0.176739 0.054422 0.037123
0 0.606702 0.176256 0.054422 0.037123
0 0.610994 0.176955 0.054422 0.037123
0 0.608207 0.175591 0.054422 0.037123
0 0.607124 0.175298 0.054422 0.037123
0 0.608095 0.174542 0.054422 0.037123
0 0.607946 0.174460 0.054422 0.037123
0 0.608108 0.174317 0.054422 0.037123
0 0.606711 0.174043 0.054422 0.037123
0 0.607070 0.172783 0.054422 0.037123
0 0.605175 0.172516 0.054422 0.037123
0 0.604267 0.171349 0.054422 0.037123
0 0.608203 0.170879 0.054422 0.037123
0 0.607084 0.170133 0.054422 0.037123
0 0.605194 0.170000 0.054422 0.037123
0 0.604442 0.168243 0.054422 0.037123
0 0.607861 0.167975 0.054422 0.037123
0 0.605727 0.167327 0.054422 0.037123
0 0.606658 0.166473 0.054422 0.037123
0 0.606868 0.167912 0.054422 0.037123
0 0.606827 0.165530 0.054422 0.037123
0 0.605233 0.165289 0.054422 0.037123
0 0.606501 0.165465 0.054422 0.037123
0 0.600778 0.165469 0.054422 0.037123
0 0.601454 0.163993 0.054422 0.037123
0 0.608368 0.162696 0.054422 0.037123
0 0.598150 0.163661 0.054422 0.037123
0 0.599280 0.163200 0.054422 0.037123
0 0.600006 0.163334 0.054422 0.037123
0 0.600263 0.162687 0.054422 0.037123
0 0.601092 0.162037 0.054422 0.037123
0 0.598792 0.161679 0.054422 0.037123
0 0.601824 0.163336 0.054422 0.037123
0 0.602906 0.162278 0.054422 0.037123
0 0.604083 0.162409 0.054422 0.037123
0 0.605608 0.162392 0.054422 0.037123
0 0.606597 0.161647 0.054422 0.037123
0 0.607204 0.161606 0.054422 0.037123
0 0.607897 0.161637 0.054422 0.037123
0 0.608763 0.161357 0.054422 0.037123
0 0.610884 0.162219 0.054422 0.037123
0 0.613283 0.162396 0.054422 0.037123
0 0.595555 0.161446 0.054422 0.037123
0 0.595873 0.161100 0.054422 0.037123
0 0.596326 0.161039 0.054422 0.037123
0 0.602247 0.160631 0.054422 0.037123
0 0.601204 0.160020 0.054422 0.037123
0 0.604717 0.160197 0.054422 0.037123
0 0.604270 0.159928 0.054422 0.037123
0 0.603178 0.159888 0.054422 0.037123
0 0.595953 0.158301 0.054422 0.037123
0 0.595149 0.157992 0.054422 0.037123
0 0.597535 0.157622 0.054422 0.037123
0 0.598035 0.157855 0.054422 0.037123
0 0.603125 0.158412 0.054422 0.037123
0 0.601386 0.157493 0.054422 0.037123
0 0.594897 0.155537 0.054422 0.037123
0 0.596120 0.154858 0.054422 0.037123
0 0.595959 0.157209 0.054422 0.037123
0 0.598893 0.154464 0.054422 0.037123
0 0.593810 0.152523 0.054422 0.037123
0 0.597632 0.152443 0.054422 0.037123
0 0.594577 0.150419 0.054422 0.037123
0 0.600128 0.152331 0.054422 0.037123
0 0.600631 0.152948 0.054422 0.037123
0 0.601776 0.152998 0.054422 0.037123
0 0.602738 0.153922 0.054422 0.037123
0 0.597407 0.149183 0.054422 0.037123
0 0.598217 0.149042 0.054422 0.037123
0 0.599529 0.150011 0.054422 0.037123
0 0.600654 0.149929 0.054422 0.037123
0 0.600398 0.149504 0.054422 0.037123
0 0.600900 0.149348 0.054422 0.037123
0 0.600628 0.147720 0.054422 0.037123
0 0.601510 0.147992 0.054422 0.037123
0 0.602463 0.148260 0.054422 0.037123
0 0.604243 0.151169 0.054422 0.037123
0 0.605226 0.152033 0.054422 0.037123
0 0.603756 0.151159 0.054422 0.037123
0 0.604796 0.152663 0.054422 0.037123
0 0.607552 0.151791 0.054422 0.037123
0 0.608871 0.151362 0.054422 0.037123
0 0.602431 0.155752 0.054422 0.037123
0 0.602543 0.156125 0.054422 0.037123
0 0.604331 0.156792 0.054422 0.037123
0 0.605110 0.158503 0.054422 0.037123
0 0.607330 0.157877 0.054422 0.037123
0 0.609334 0.158378 0.054422 0.037123
0 0.610509 0.158048 0.054422 0.037123
0 0.608960 0.157100 0.054422 0.037123
0 0.607549 0.156485 0.054422 0.037123
0 0.610037 0.156600 0.054422 0.037123
0 0.611034 0.155125 0.054422 0.037123
0 0.605863 0.156311 0.054422 0.037123
0 0.606579 0.154912 0.054422 0.037123
0 0.607811 0.154630 0.054422 0.037123
0 0.608594 0.154115 0.054422 0.037123
0 0.611469 0.155017 0.054422 0.037123
0 0.613165 0.153519 0.054422 0.037123
0 0.608903 0.153188 0.054422 0.037123
0 0.612957 0.152218 0.054422 0.037123
0 0.611236 0.151552 0.054422 0.037123
0 0.611088 0.151143 0.054422 0.037123
0 0.605741 0.149516 0.054422 0.037123
0 0.606758 0.149245 0.054422 0.037123
0 0.606349 0.148791 0.054422 0.037123
0 0.605320 0.147980 0.054422 0.037123
0 0.604800 0.147739 0.054422 0.037123
0 0.604442 0.147895 0.054422 0.037123
0 0.605373 0.147085 0.054422 0.037123
0 0.605966 0.146987 0.054422 0.037123
0 0.607924 0.147562 0.054422 0.037123
0 0.609638 0.147565 0.054422 0.037123
0 0.607657 0.146880 0.054422 0.037123
0 0.607975 0.146461 0.054422 0.037123
0 0.607126 0.146493 0.054422 0.037123
0 0.610484 0.146872 0.054422 0.037123
0 0.611639 0.147008 0.054422 0.037123
0 0.612065 0.147203 0.054422 0.037123
0 0.609279 0.146438 0.054422 0.037123
0 0.606459 0.144368 0.054422 0.037123
0 0.608359 0.144289 0.054422 0.037123
0 0.610108 0.144568 0.054422 0.037123
0 0.609824 0.144350 0.054422 0.037123
0 0.612878 0.144103 0.054422 0.037123
0 0.612888 0.143959 0.054422 0.037123
0 0.608310 0.143375 0.054422 0.037123
0 0.608593 0.142915 0.054422 0.037123
0 0.605964 0.143360 0.054422 0.037123
0 0.604162 0.142586 0.054422 0.037123
0 0.603954 0.141737 0.054422 0.037123
0 0.610061 0.142764 0.054422 0.037123
0 0.606534 0.141724 0.054422 0.037123
0 0.608544 0.143125 0.054422 0.037123
0 0.608731 0.141417 0.054422 0.037123
0 0.609668 0.141913 0.054422 0.037123
0 0.605311 0.139969 0.054422 0.037123
0 0.604095 0.139375 0.054422 0.037123
0 0.610861 0.139281 0.054422 0.037123
0 0.613849 0.139438 0.054422 0.037123
0 0.611983 0.138256 0.054422 0.037123
0 0.613960 0.138253 0.054422 0.037123
0 0.614318 0.137462 0.054422 0.037123
0 0.615274 0.137588 0.054422 0.037123
0 0.617242 0.140929 0.054422 0.037123
0 0.631472 0.135975 0.054422 0.037123
0 0.643558 0.137530 0.054422 0.037123
0 0.612947 0.176695 0.054422 0.037123
0 0.617278 0.175048 0.054422 0.037123
0 0.615251 0.174162 0.054422 0.037123
0 0.613914 0.173619 0.054422 0.037123
0 0.617632 0.173726 0.054422 0.037123
0 0.617451 0.173430 0.054422 0.037123
0 0.623791 0.174589 0.054422 0.037123
0 0.622422 0.172964 0.054422 0.037123
0 0.620957 0.172319 0.054422 0.037123
0 0.614437 0.172231 0.054422 0.037123
0 0.616211 0.171719 0.054422 0.037123
0 0.617857 0.171737 0.054422 0.037123
0 0.619597 0.171301 0.054422 0.037123
0 0.619287 0.171033 0.054422 0.037123
0 0.618001 0.170542 0.054422 0.037123
0 0.618425 0.172065 0.054422 0.037123
0 0.621256 0.171796 0.054422 0.037123
0 0.621731 0.171668 0.054422 0.037123
0 0.621177 0.170820 0.054422 0.037123
0 0.618669 0.170214 0.054422 0.037123
0 0.619592 0.169393 0.054422 0.037123
0 0.620212 0.169617 0.054422 0.037123
0 0.621944 0.170413 0.054422 0.037123
0 0.623586 0.170656 0.054422 0.037123
0 0.622825 0.170114 0.054422 0.037123
0 0.622670 0.169614 0.054422 0.037123
0 0.625147 0.171627 0.054422 0.037123
0 0.626714 0.171814 0.054422 0.037123
0 0.624962 0.172953 0.054422 0.037123
0 0.627750 0.173720 0.054422 0.037123
0 0.628287 0.173108 0.054422 0.037123
0 0.629893 0.173440 0.054422 0.037123
0 0.630506 0.172809 0.054422 0.037123
0 0.632382 0.172305 0.054422 0.037123
0 0.628476 0.171274 0.054422 0.037123
0 0.632849 0.171435 0.054422 0.037123
0 0.633966 0.174116 0.054422 0.037123
0 0.634611 0.173486 0.054422 0.037123
0 0.635705 0.173670 0.054422 0.037123
0 0.634735 0.172906 0.054422 0.037123
0 0.636862 0.172891 0.054422 0.037123
0 0.637745 0.172711 0.054422 0.037123
0 0.640142 0.174346 0.054422 0.037123
0 0.638791 0.173410 0.054422 0.037123
0 0.639204 0.172979 0.054422 0.037123
0 0.639140 0.172497 0.054422 0.037123
0 0.636325 0.172047 0.054422 0.037123
0 0.636559 0.171798 0.054422 0.037123
0 0.643801 0.174572 0.054422 0.037123
0 0.642577 0.173583 0.054422 0.037123
0 0.645565 0.172960 0.054422 0.037123
0 0.645570 0.172369 0.054422 0.037123
0 0.647583 0.172962 0.054422 0.037123
0 0.648929 0.173177 0.054422 0.037123
0 0.650228 0.172996 0.054422 0.037123
0 0.649201 0.172985 0.054422 0.037123
0 0.647836 0.172371 0.054422 0.037123
0 0.647562 0.172205 0.054422 0.037123
0 0.648519 0.172371 0.054422 0.037123
0 0.648984 0.172026 0.054422 0.037123
0 0.650490 0.171494 0.054422 0.037123
0 0.648973 0.171081 0.054422 0.037123
0 0.640207 0.170537 0.054422 0.037123
0 0.637441 0.170475 0.054422 0.037123
0 0.637988 0.170121 0.054422 0.037123
0 0.636790 0.169735 0.054422 0.037123
0 0.638132 0.169447 0.054422 0.037123
0 0.645606 0.170349 0.054422 0.037123
0 0.645379 0.170180 0.054422 0.037123
0 0.643842 0.169420 0.054422 0.037123
0 0.644720 0.169120 0.054422 0.037123
0 0.642856 0.168808 0.054422 0.037123
0 0.642163 0.168013 0.054422 0.037123
0 0.642628 0.167568 0.054422 0.037123
0 0.641078 0.167709 0.054422 0.037123
0 0.637111 0.167804 0.054422 0.037123
0 0.635239 0.167427 0.054422 0.037123
0 0.633582 0.167003 0.054422 0.037123
0 0.638454 0.167030 0.054422 0.037123
0 0.632557 0.166314 0.054422 0.037123
0 0.633034 0.165939 0.054422 0.037123
0 0.634244 0.165672 0.054422 0.037123
0 0.631974 0.165375 0.054422 0.037123
0 0.632056 0.165122 0.054422 0.037123
0 0.630551 0.164479 0.054422 0.037123
0 0.633066 0.166922 0.054422 0.037123
0 0.627308 0.167847 0.054422 0.037123
0 0.626095 0.167954 0.054422 0.037123
0 0.623013 0.168508 0.054422 0.037123
0 0.620414 0.167950 0.054422 0.037123
0 0.620887 0.167815 0.054422 0.037123
0 0.622072 0.167411 0.054422 0.037123
0 0.622359 0.166971 0.054422 0.037123
0 0.622622 0.166881 0.054422 0.037123
0 0.625568 0.166852 0.054422 0.037123
0 0.627404 0.166193 0.054422 0.037123
0 0.623819 0.166492 0.054422 0.037123
0 0.622551 0.166242 0.054422 0.037123
0 0.618747 0.166558 0.054422 0.037123
0 0.610530 0.167583 0.054422 0.037123
0 0.614626 0.167242 0.054422 0.037123
0 0.615421 0.167069 0.054422 0.037123
0 0.615474 0.166762 0.054422 0.037123
0 0.615356 0.166429 0.054422 0.037123
0 0.614641 0.166395 0.054422 0.037123
0 0.615651 0.165725 0.054422 0.037123
0 0.616335 0.165155 0.054422 0.037123
0 0.617205 0.164915 0.054422 0.037123
0 0.623353 0.165225 0.054422 0.037123
0 0.622201 0.164630 0.054422 0.037123
0 0.622955 0.164418 0.054422 0.037123
0 0.623819 0.164231 0.054422 0.037123
0 0.621628 0.163632 0.054422 0.037123
0 0.622434 0.164342 0.054422 0.037123
0 0.620566 0.164200 0.054422 0.037123
0 0.622833 0.163369 0.054422 0.037123
0 0.624494 0.163085 0.054422 0.037123
0 0.625600 0.162681 0.054422 0.037123
0 0.625926 0.162310 0.054422 0.037123
0 0.625905 0.162068 0.054422 0.037123
0 0.627387 0.162648 0.054422 0.037123
0 0.626279 0.162264 0.054422 0.037123
0 0.628264 0.162215 0.054422 0.037123
0 0.632871 0.163554 0.054422 0.037123
0 0.633228 0.163647 0.054422 0.037123
0 0.634453 0.163200 0.054422 0.037123
0 0.628062 0.161303 0.054422 0.037123
0 0.623557 0.160939 0.054422 0.037123
0 0.626947 0.160146 0.054422 0.037123
0 0.627481 0.159999 0.054422 0.037123
0 0.631313 0.161372 0.054422 0.037123
0 0.632548 0.161071 0.054422 0.037123
0 0.632271 0.160786 0.054422 0.037123
0 0.633377 0.160918 0.054422 0.037123
0 0.631888 0.160509 0.054422 0.037123
0 0.633455 0.160438 0.054422 0.037123
0 0.636011 0.161458 0.054422 0.037123
0 0.614528 0.164355 0.054422 0.037123
0 0.615509 0.163872 0.054422 0.037123
0 0.614346 0.163753 0.054422 0.037123
0 0.616908 0.161888 0.054422 0.037123
0 0.617602 0.161841 0.054422 0.037123
0 0.617443 0.161499 0.054422 0.037123
0 0.616255 0.160227 0.054422 0.037123
0 0.614380 0.160091 0.054422 0.037123
0 0.614246 0.159813 0.054422 0.037123
0 0.613283 0.159989 0.054422 0.037123
0 0.612949 0.159983 0.054422 0.037123
0 0.613212 0.159153 0.054422 0.037123
0 0.614468 0.158822 0.054422 0.037123
0 0.619115 0.160083 0.054422 0.037123
0 0.621889 0.157743 0.054422 0.037123
0 0.618134 0.154390 0.054422 0.037123
0 0.619833 0.154002 0.054422 0.037123
0 0.621917 0.154724 0.054422 0.037123
0 0.623234 0.154793 0.054422 0.037123
0 0.611687 0.149543 0.054422 0.037123
0 0.613024 0.149574 0.054422 0.037123
0 0.613355 0.148456 0.054422 0.037123
0 0.610943 0.148393 0.054422 0.037123
0 0.619798 0.152284 0.054422 0.037123
0 0.624547 0.153223 0.054422 0.037123
0 0.626047 0.155061 0.054422 0.037123
0 0.626386 0.156240 0.054422 0.037123
0 0.630389 0.155006 0.054422 0.037123
0 0.636151 0.152889 0.054422 0.037123
0 0.639352 0.152456 0.054422 0.037123
0 0.631748 0.151742 0.054422 0.037123
0 0.631345 0.151655 0.054422 0.037123
0 0.631082 0.151214 0.054422 0.037123
0 0.629337 0.152720 0.054422 0.037123
0 0.620643 0.149514 0.054422 0.037123
0 0.622398 0.148786 0.054422 0.037123
0 0.622077 0.148109 0.054422 0.037123
0 0.626152 0.148467 0.054422 0.037123
0 0.625632 0.147290 0.054422 0.037123
0 0.621725 0.146112 0.054422 0.037123
0 0.623107 0.145397 0.054422 0.037123
0 0.622775 0.145711 0.054422 0.037123
0 0.653490 0.166300 0.054422 0.037123
0 0.647861 0.166600 0.054422 0.037123
0 0.649615 0.165557 0.054422 0.037123
0 0.650166 0.164804 0.054422 0.037123
0 0.648449 0.165020 0.054422 0.037123
0 0.646180 0.166224 0.054422 0.037123
0 0.645875 0.165127 0.054422 0.037123
0 0.645448 0.165510 0.054422 0.037123
0 0.643565 0.165082 0.054422 0.037123
0 0.642406 0.166044 0.054422 0.037123
0 0.640958 0.166715 0.054422 0.037123
0 0.644445 0.167107 0.054422 0.037123
0 0.638889 0.165987 0.054422 0.037123
0 0.641382 0.162437 0.054422 0.037123
0 0.648346 0.164300 0.054422 0.037123
0 0.658067 0.165754 0.054422 0.037123
0 0.657476 0.165088 0.054422 0.037123
0 0.659098 0.162770 0.054422 0.037123
0 0.644578 0.161400 0.054422 0.037123
0 0.641633 0.161427 0.054422 0.037123
0 0.650538 0.161418 0.054422 0.037123
0 0.652952 0.161306 0.054422 0.037123
0 0.655284 0.160260 0.054422 0.037123
0 0.655651 0.159961 0.054422 0.037123
0 0.656025 0.158673 0.054422 0.037123
0 0.654860 0.159110 0.054422 0.037123
0 0.650745 0.159513 0.054422 0.037123
0 0.648983 0.159149 0.054422 0.037123
0 0.645288 0.159905 0.054422 0.037123
0 0.644371 0.159605 0.054422 0.037123
0 0.643927 0.159448 0.054422 0.037123
0 0.649377 0.158439 0.054422 0.037123
0 0.649763 0.157644 0.054422 0.037123
0 0.650434 0.158483 0.054422 0.037123
0 0.649406 0.156689 0.054422 0.037123
0 0.655143 0.157675 0.054422 0.037123
0 0.657017 0.156880 0.054422 0.037123
0 0.653866 0.156281 0.054422 0.037123
0 0.655138 0.154927 0.054422 0.037123
0 0.656816 0.153703 0.054422 0.037123
0 0.657815 0.153231 0.054422 0.037123
0 0.656282 0.152873 0.054422 0.037123
0 0.654770 0.153043 0.054422 0.037123
0 0.655658 0.152731 0.054422 0.037123
0 0.655470 0.153456 0.054422 0.037123
0 0.640353 0.158588 0.054422 0.037123
0 0.641875 0.156720 0.054422 0.037123
0 0.641253 0.157016 0.054422 0.037123
0 0.649443 0.152736 0.054422 0.037123
0 0.651835 0.152065 0.054422 0.037123
0 0.649074 0.151682 0.054422 0.037123
0 0.647327 0.152042 0.054422 0.037123
0 0.646923 0.150666 0.054422 0.037123
0 0.648610 0.151050 0.054422 0.037123
0 0.651325 0.150719 0.054422 0.037123
0 0.653212 0.151075 0.054422 0.037123
0 0.650764 0.149905 0.054422 0.037123
0 0.653348 0.150024 0.054422 0.037123
0 0.655095 0.151285 0.054422 0.037123
0 0.654316 0.149541 0.054422 0.037123
0 0.644201 0.151102 0.054422 0.037123
0 0.649013 0.148968 0.054422 0.037123
0 0.647962 0.147756 0.054422 0.037123
0 0.652172 0.147750 0.054422 0.037123
0 0.648922 0.147095 0.054422 0.037123
0 0.654605 0.145753 0.054422 0.037123
0 0.655018 0.145572 0.054422 0.037123
0 0.653262 0.145185 0.054422 0.037123
0 0.654277 0.144244 0.054422 0.037123
0 0.652974 0.143685 0.054422 0.037123
0 0.636567 0.147006 0.054422 0.037123
0 0.636453 0.146798 0.054422 0.037123
0 0.636111 0.146814 0.054422 0.037123
0 0.636831 0.146798 0.054422 0.037123
0 0.638404 0.146761 0.054422 0.037123
0 0.632938 0.146231 0.054422 0.037123
0 0.633287 0.146052 0.054422 0.037123
0 0.632847 0.146615 0.054422 0.037123
0 0.629727 0.146188 0.054422 0.037123
0 0.630356 0.146302 0.054422 0.037123
0 0.627563 0.150264 0.054422 0.037123
0 0.627050 0.143651 0.054422 0.037123
0 0.627202 0.143311 0.054422 0.037123
0 0.626930 0.144368 0.054422 0.037123
0 0.630099 0.141904 0.054422 0.037123
0 0.631800 0.140549 0.054422 0.037123
0 0.638224 0.141545 0.054422 0.037123
0 0.640730 0.141411 0.054422 0.037123
0 0.641636 0.141855 0.054422 0.037123
0 0.642311 0.141694 0.054422 0.037123
0 0.642910 0.141873 0.054422 0.037123
0 0.642679 0.141368 0.054422 0.037123
0 0.624245 0.141286 0.054422 0.037123
0 0.624596 0.139987 0.054422 0.037123
0 0.616529 0.153307 0.054422 0.037123
0 0.649230 0.142914 0.054422 0.037123
0 0.653169 0.142253 0.054422 0.037123
0 0.604610 0.169343 0.054422 0.037123
0 0.638935 0.149065 0.054422 0.037123
0 0.641822 0.148686 0.054422 0.037123
0 0.634289 0.148752 0.054422 0.037123
0 0.635846 0.155688 0.054422 0.037123
0 0.502228 0.147607 0.054422 0.037123
0 0.516792 0.139986 0.054422 0.037123
0 0.500826 0.167492 0.054422 0.037123
0 0.501130 0.167540 0.054422 0.037123
0 0.506384 0.152244 0.054422 0.037123
0 0.506181 0.152370 0.054422 0.037123
0 0.510878 0.150781 0.054422 0.037123
0 0.501941 0.151266 0.054422 0.037123
0 0.501536 0.151334 0.054422 0.037123
0 0.499880 0.152496 0.054422 0.037123
0 0.492667 0.155945 0.054422 0.037123
0 0.492312 0.155983 0.054422 0.037123
0 0.512002 0.154960 0.054422 0.037123
0 0.602548 0.162838 0.054422 0.037123
0 0.597559 0.164062 0.054422 0.037123
0 0.656463 0.160421 0.054422 0.037123
0 0.651172 0.161180 0.054422 0.037123
0 0.640165 0.155390 0.054422 0.037123
0 0.655313 0.151533 0.054422 0.037123
0 0.650063 0.152592 0.054422 0.037123
0 0.650864 0.152530 0.054422 0.037123
0 0.653465 0.153184 0.054422 0.037123
0 0.644152 0.137648 0.054422 0.037123
0 0.615424 0.160861 0.054422 0.037123
0 0.616500 0.162278 0.054422 0.037123
0 0.614507 0.162285 0.054422 0.037123
0 0.643338 0.156844 0.054422 0.037123
0 0.610376 0.143328 0.054422 0.037123
0 0.626329 0.141546 0.054422 0.037123
0 0.624576 0.144240 0.054422 0.037123