0 0.995454 0.113138 0.009092 0.030769
0 0.984696 0.119420 0.030609 0.030769
0 0.980353 0.121231 0.039294 0.030769
0 0.977836 0.120665 0.044328 0.030769
0 0.973378 0.122193 0.049231 0.030769
0 0.965088 0.127287 0.049231 0.030769
0 0.963015 0.131532 0.049231 0.030769
0 0.967062 0.137588 0.049231 0.030769
0 0.971207 0.141719 0.049231 0.030769
0 0.978823 0.147492 0.042354 0.030769
0 0.982919 0.150096 0.034162 0.030769
0 0.986522 0.149643 0.026957 0.030769
0 0.990716 0.147888 0.018567 0.030769
0 0.992937 0.144040 0.014126 0.030769
0 0.995503 0.138606 0.008993 0.030769
0 0.996293 0.134418 0.007414 0.030769
0 0.995405 0.129947 0.009191 0.030769
0 0.999994 0.121684 0.000012 0.030769
0 0.972345 0.125408 0.049231 0.030769
0 0.972781 0.125671 0.049231 0.030769
0 0.974053 0.125117 0.049231 0.030769
0 0.975006 0.125807 0.049231 0.030769
0 0.974964 0.125276 0.049231 0.030769
0 0.975790 0.124669 0.048420 0.030769
0 0.976069 0.124754 0.047861 0.030769
0 0.976155 0.126234 0.047689 0.030769
0 0.974976 0.124607 0.049231 0.030769
0 0.976407 0.125612 0.047186 0.030769
0 0.977153 0.125585 0.045695 0.030769
0 0.977474 0.125455 0.045053 0.030769
0 0.977429 0.124998 0.045142 0.030769
0 0.977237 0.126955 0.045525 0.030769
0 0.976381 0.126817 0.047238 0.030769
0 0.976794 0.124737 0.046413 0.030769
0 0.976341 0.124054 0.047319 0.030769
0 0.976594 0.122927 0.046813 0.030769
0 0.976410 0.122801 0.047180 0.030769
0 0.976448 0.122346 0.047103 0.030769
0 0.976753 0.122404 0.046493 0.030769
0 0.977741 0.122444 0.044517 0.030769
0 0.978152 0.122461 0.043696 0.030769
0 0.978491 0.122383 0.043018 0.030769
0 0.977417 0.122369 0.045166 0.030769
0 0.977471 0.122908 0.045058 0.030769
0 0.978885 0.123260 0.042229 0.030769
0 0.978664 0.123660 0.042673 0.030769
0 0.979227 0.122521 0.041546 0.030769
0 0.977435 0.123758 0.045131 0.030769
0 0.977958 0.123670 0.044085 0.030769
0 0.978831 0.121817 0.042338 0.030769
0 0.979075 0.121632 0.041849 0.030769
0 0.979258 0.121187 0.041485 0.030769
0 0.979731 0.122320 0.040538 0.030769
0 0.979701 0.122531 0.040598 0.030769
0 0.980477 0.121931 0.039046 0.030769
0 0.979190 0.123831 0.041621 0.030769
0 0.979457 0.123480 0.041085 0.030769
0 0.980413 0.123308 0.039173 0.030769
0 0.980887 0.122809 0.038226 0.030769
0 0.980958 0.123841 0.038085 0.030769
0 0.980719 0.123419 0.038561 0.030769
0 0.980913 0.123325 0.038173 0.030769
0 0.981662 0.122789 0.036677 0.030769
0 0.981023 0.122130 0.037953 0.030769
0 0.982319 0.122004 0.035362 0.030769
0 0.981986 0.121366 0.036028 0.030769
0 0.979673 0.125159 0.040653 0.030769
0 0.979991 0.124737 0.040017 0.030769
0 0.980048 0.124110 0.039904 0.030769
0 0.980021 0.124491 0.039958 0.030769
0 0.978448 0.127559 0.043104 0.030769
0 0.972417 0.128832 0.049231 0.030769
0 0.973684 0.128122 0.049231 0.030769
0 0.974738 0.127834 0.049231 0.030769
0 0.974359 0.128353 0.049231 0.030769
0 0.975188 0.129070 0.049231 0.030769
0 0.971979 0.130157 0.049231 0.030769
0 0.972452 0.129889 0.049231 0.030769
0 0.972293 0.129706 0.049231 0.030769
0 0.971760 0.129882 0.049231 0.030769
0 0.974386 0.130008 0.049231 0.030769
0 0.974303 0.130567 0.049231 0.030769
0 0.974748 0.130812 0.049231 0.030769
0 0.975110 0.130383 0.049231 0.030769
0 0.975437 0.130825 0.049125 0.030769
0 0.975687 0.130478 0.048627 0.030769
0 0.970060 0.131671 0.049231 0.030769
0 0.969543 0.131967 0.049231 0.030769
0 0.970714 0.131194 0.049231 0.030769
0 0.971361 0.130979 0.049231 0.030769
0 0.971854 0.131337 0.049231 0.030769
0 0.970776 0.130648 0.049231 0.030769
0 0.965794 0.128145 0.049231 0.030769
0 0.965632 0.132954 0.049231 0.030769
0 0.967972 0.133367 0.049231 0.030769
0 0.969279 0.133032 0.049231 0.030769
0 0.970532 0.133221 0.049231 0.030769
0 0.968494 0.133695 0.049231 0.030769
0 0.971834 0.133586 0.049231 0.030769
0 0.973069 0.132661 0.049231 0.030769
0 0.973430 0.132532 0.049231 0.030769
0 0.974087 0.132393 0.049231 0.030769
0 0.970685 0.134978 0.049231 0.030769
0 0.971129 0.134551 0.049231 0.030769
0 0.971608 0.134883 0.049231 0.030769
0 0.971436 0.134670 0.049231 0.030769
0 0.969428 0.136452 0.049231 0.030769
0 0.970824 0.136136 0.049231 0.030769
0 0.972131 0.135233 0.049231 0.030769
0 0.968195 0.137766 0.049231 0.030769
0 0.968937 0.136966 0.049231 0.030769
0 0.968460 0.137388 0.049231 0.030769
0 0.969177 0.138236 0.049231 0.030769
0 0.970212 0.139500 0.049231 0.030769
0 0.976928 0.144282 0.046144 0.030769
0 0.977698 0.141366 0.044605 0.030769
0 0.979729 0.141284 0.040543 0.030769
0 0.978467 0.140033 0.043067 0.030769
0 0.979508 0.140306 0.040984 0.030769
0 0.980550 0.140346 0.038901 0.030769
0 0.980371 0.140175 0.039258 0.030769
0 0.980574 0.139794 0.038851 0.030769
0 0.980376 0.140602 0.039248 0.030769
0 0.978564 0.138081 0.042871 0.030769
0 0.977648 0.136411 0.044704 0.030769
0 0.977994 0.135889 0.044013 0.030769
0 0.977565 0.135633 0.044870 0.030769
0 0.977952 0.135250 0.044096 0.030769
0 0.978478 0.134541 0.043043 0.030769
0 0.978295 0.134178 0.043410 0.030769
0 0.979178 0.133939 0.041643 0.030769
0 0.979427 0.133216 0.041146 0.030769
0 0.979525 0.133059 0.040951 0.030769
0 0.979258 0.132608 0.041484 0.030769
0 0.979948 0.132202 0.040103 0.030769
0 0.979938 0.132576 0.040124 0.030769
0 0.980090 0.132425 0.039820 0.030769
0 0.980140 0.132588 0.039721 0.030769
0 0.980370 0.132494 0.039260 0.030769
0 0.979881 0.132856 0.040238 0.030769
0 0.979578 0.132202 0.040844 0.030769
0 0.979948 0.131500 0.040104 0.030769
0 0.981073 0.132263 0.037854 0.030769
0 0.982348 0.132712 0.035304 0.030769
0 0.982602 0.132568 0.034796 0.030769
0 0.981405 0.131846 0.037190 0.030769
0 0.981082 0.131616 0.037835 0.030769
0 0.981270 0.131462 0.037459 0.030769
0 0.981512 0.131199 0.036977 0.030769
0 0.981835 0.135227 0.036330 0.030769
0 0.982804 0.134398 0.034393 0.030769
0 0.982294 0.134632 0.035412 0.030769
0 0.982642 0.129397 0.034717 0.030769
0 0.983549 0.128461 0.032902 0.030769
0 0.983680 0.127343 0.032641 0.030769
0 0.983910 0.126943 0.032181 0.030769
0 0.984066 0.126593 0.031867 0.030769
0 0.983975 0.127170 0.032051 0.030769
0 0.985196 0.124752 0.029607 0.030769
0 0.986496 0.123780 0.027008 0.030769
0 0.985915 0.123625 0.028169 0.030769
0 0.986246 0.123285 0.027508 0.030769
0 0.987184 0.122901 0.025631 0.030769
0 0.987991 0.122114 0.024018 0.030769
0 0.988313 0.121688 0.023375 0.030769
0 0.989227 0.121192 0.021546 0.030769
0 0.989332 0.120970 0.021335 0.030769
0 0.989704 0.120559 0.020592 0.030769
0 0.990155 0.120243 0.019690 0.030769
0 0.992629 0.118170 0.014742 0.030769
0 0.990634 0.119734 0.018731 0.030769
0 0.991140 0.119383 0.017720 0.030769
0 0.994201 0.118856 0.011597 0.030769
0 0.994316 0.117988 0.011368 0.030769
0 0.995163 0.117523 0.009674 0.030769
0 0.995228 0.117073 0.009543 0.030769
0 0.994772 0.115822 0.010457 0.030769
0 0.996380 0.120658 0.007240 0.030769
0 0.996398 0.121072 0.007205 0.030769
0 0.996580 0.121946 0.006840 0.030769
0 0.996372 0.123183 0.007257 0.030769
0 0.996305 0.124510 0.007390 0.030769
0 0.995822 0.124890 0.008356 0.030769
0 0.995517 0.124727 0.008967 0.030769
0 0.995321 0.124788 0.009358 0.030769
0 0.994803 0.124632 0.010395 0.030769
0 0.994957 0.124466 0.010087 0.030769
0 0.995691 0.124306 0.008617 0.030769
0 0.992268 0.126577 0.015464 0.030769
0 0.992936 0.126300 0.014128 0.030769
0 0.992528 0.127187 0.014944 0.030769
0 0.991789 0.127614 0.016422 0.030769
0 0.992123 0.127614 0.015753 0.030769
0 0.991467 0.128357 0.017067 0.030769
0 0.991546 0.128000 0.016907 0.030769
0 0.990830 0.128321 0.018340 0.030769
0 0.990720 0.128774 0.018560 0.030769
0 0.990473 0.129374 0.019055 0.030769
0 0.990816 0.129054 0.018367 0.030769
0 0.990203 0.129224 0.019594 0.030769
0 0.989939 0.129629 0.020122 0.030769
0 0.989868 0.129986 0.020265 0.030769
0 0.989699 0.130074 0.020603 0.030769
0 0.990146 0.129598 0.019707 0.030769
0 0.988753 0.130716 0.022495 0.030769
0 0.988720 0.131323 0.022560 0.030769
0 0.988664 0.131538 0.022673 0.030769
0 0.988828 0.131629 0.022345 0.030769
0 0.988345 0.131495 0.023310 0.030769
0 0.988017 0.131882 0.023966 0.030769
0 0.987661 0.132570 0.024678 0.030769
0 0.987469 0.132398 0.025063 0.030769
0 0.988076 0.133509 0.023848 0.030769
0 0.987557 0.133335 0.024886 0.030769
0 0.987104 0.133985 0.025793 0.030769
0 0.986840 0.134414 0.026320 0.030769
0 0.986652 0.134610 0.026697 0.030769
0 0.986546 0.134873 0.026909 0.030769
0 0.985424 0.135800 0.029151 0.030769
0 0.985197 0.135739 0.029607 0.030769
0 0.984552 0.136180 0.030895 0.030769
0 0.985040 0.136244 0.029920 0.030769
0 0.985345 0.136306 0.029311 0.030769
0 0.983293 0.137057 0.033415 0.030769
0 0.984618 0.137638 0.030764 0.030769
0 0.982914 0.149815 0.034173 0.030769
0 0.983094 0.149643 0.033811 0.030769
0 0.983089 0.149335 0.033822 0.030769
0 0.983353 0.149477 0.033295 0.030769
0 0.983694 0.149264 0.032613 0.030769
0 0.984153 0.149181 0.031693 0.030769
0 0.983761 0.148932 0.032478 0.030769
0 0.983451 0.148944 0.033098 0.030769
0 0.983642 0.148642 0.032716 0.030769
0 0.983492 0.148375 0.033016 0.030769
0 0.982604 0.149092 0.034793 0.030769
0 0.982826 0.148961 0.034349 0.030769
0 0.983027 0.148665 0.033946 0.030769
0 0.982950 0.148292 0.034101 0.030769
0 0.983100 0.147942 0.033801 0.030769
0 0.983161 0.147581 0.033677 0.030769
0 0.983435 0.147391 0.033129 0.030769
0 0.983533 0.147723 0.032933 0.030769
0 0.982762 0.148582 0.034475 0.030769
0 0.983260 0.147132 0.033480 0.030769
0 0.983266 0.146822 0.033468 0.030769
0 0.983607 0.146995 0.032786 0.030769
0 0.983836 0.146927 0.032329 0.030769
0 0.984011 0.147421 0.031978 0.030769
0 0.983572 0.146261 0.032855 0.030769
0 0.984511 0.147047 0.030978 0.030769
0 0.984428 0.146539 0.031143 0.030769
0 0.984378 0.146309 0.031243 0.030769
0 0.984219 0.146031 0.031562 0.030769
0 0.984904 0.146126 0.030193 0.030769
0 0.985240 0.146390 0.029520 0.030769
0 0.985246 0.145865 0.029508 0.030769
0 0.985193 0.145540 0.029614 0.030769
0 0.984963 0.145916 0.030075 0.030769
0 0.984765 0.145896 0.030470 0.030769
0 0.983925 0.145248 0.032151 0.030769
0 0.983995 0.144994 0.032010 0.030769
0 0.984284 0.145065 0.031432 0.030769
0 0.984570 0.145038 0.030861 0.030769
0 0.985006 0.145059 0.029989 0.030769
0 0.985000 0.144674 0.030000 0.030769
0 0.986075 0.144116 0.027850 0.030769
0 0.985521 0.144917 0.028957 0.030769
0 0.985498 0.144701 0.029005 0.030769
0 0.984715 0.144242 0.030570 0.030769
0 0.984650 0.143844 0.030701 0.030769
0 0.984152 0.144041 0.031697 0.030769
0 0.983968 0.143980 0.032064 0.030769
0 0.984721 0.143368 0.030558 0.030769
0 0.985311 0.143531 0.029379 0.030769
0 0.985239 0.143286 0.029521 0.030769
0 0.985177 0.142953 0.029646 0.030769
0 0.985942 0.143365 0.028116 0.030769
0 0.985749 0.143269 0.028502 0.030769
0 0.985660 0.142964 0.028679 0.030769
0 0.987011 0.143473 0.025978 0.030769
0 0.986863 0.143232 0.026274 0.030769
0 0.986643 0.143089 0.026713 0.030769
0 0.986421 0.143062 0.027158 0.030769
0 0.986285 0.142749 0.027431 0.030769
0 0.986460 0.142541 0.027081 0.030769
0 0.986047 0.142861 0.027906 0.030769
0 0.986522 0.143643 0.026955 0.030769
0 0.987290 0.143782 0.025419 0.030769
0 0.987172 0.142833 0.025657 0.030769
0 0.986917 0.142337 0.026166 0.030769
0 0.986795 0.142793 0.026410 0.030769
0 0.987311 0.142317 0.025378 0.030769
0 0.987477 0.142548 0.025046 0.030769
0 0.986365 0.142222 0.027270 0.030769
0 0.986122 0.141868 0.027756 0.030769
0 0.987684 0.141971 0.024632 0.030769
0 0.987356 0.141632 0.025289 0.030769
0 0.987660 0.141479 0.024679 0.030769
0 0.987944 0.141554 0.024111 0.030769
0 0.987865 0.141181 0.024271 0.030769
0 0.988155 0.141184 0.023691 0.030769
0 0.988329 0.140232 0.023342 0.030769
0 0.988740 0.140768 0.022519 0.030769
0 0.988954 0.140796 0.022093 0.030769
0 0.988838 0.140460 0.022324 0.030769
0 0.989143 0.140161 0.021714 0.030769
0 0.989321 0.139845 0.021358 0.030769
0 0.989377 0.140405 0.021246 0.030769
0 0.989593 0.140453 0.020814 0.030769
0 0.989123 0.139129 0.021754 0.030769
0 0.988781 0.139224 0.022437 0.030769
0 0.989310 0.139286 0.021380 0.030769
0 0.989316 0.139552 0.021368 0.030769
0 0.989560 0.139320 0.020880 0.030769
0 0.989426 0.139129 0.021148 0.030769
0 0.989774 0.139477 0.020453 0.030769
0 0.989062 0.138143 0.021876 0.030769
0 0.989260 0.138612 0.021479 0.030769
0 0.989512 0.138401 0.020976 0.030769
0 0.989657 0.138198 0.020686 0.030769
0 0.989882 0.138289 0.020236 0.030769
0 0.990030 0.137967 0.019940 0.030769
0 0.990373 0.138347 0.019253 0.030769
0 0.990510 0.137417 0.018981 0.030769
0 0.990782 0.137885 0.018436 0.030769
0 0.990981 0.136997 0.018038 0.030769
0 0.990259 0.136465 0.019482 0.030769
0 0.991534 0.136956 0.016932 0.030769
0 0.991814 0.136967 0.016373 0.030769
0 0.991912 0.137236 0.016177 0.030769
0 0.991921 0.137427 0.016159 0.030769
0 0.991686 0.137454 0.016629 0.030769
0 0.991472 0.137495 0.017057 0.030769
0 0.990972 0.137696 0.018055 0.030769
0 0.991139 0.136445 0.017723 0.030769
0 0.991261 0.136653 0.017479 0.030769
0 0.992078 0.136817 0.015844 0.030769
0 0.992066 0.136591 0.015868 0.030769
0 0.991828 0.136595 0.016343 0.030769
0 0.991760 0.136322 0.016480 0.030769
0 0.992004 0.135869 0.015992 0.030769
0 0.992274 0.135739 0.015451 0.030769
0 0.991670 0.135775 0.016661 0.030769
0 0.991960 0.135337 0.016081 0.030769
0 0.992031 0.134987 0.015939 0.030769
0 0.992389 0.135106 0.015223 0.030769
0 0.992545 0.135269 0.014909 0.030769
0 0.992981 0.135148 0.014038 0.030769
0 0.993118 0.135019 0.013765 0.030769
0 0.993275 0.134865 0.013449 0.030769
0 0.993626 0.134592 0.012747 0.030769
0 0.994644 0.133850 0.010712 0.030769
0 0.994840 0.134286 0.010320 0.030769
0 0.995042 0.134616 0.009917 0.030769
0 0.995024 0.134003 0.009952 0.030769
0 0.995000 0.133779 0.010000 0.030769
0 0.995000 0.133118 0.010000 0.030769
0 0.994552 0.133145 0.010896 0.030769
0 0.994353 0.133357 0.011294 0.030769
0 0.994899 0.132815 0.010202 0.030769
0 0.994395 0.132863 0.011211 0.030769
0 0.994205 0.132911 0.011591 0.030769
0 0.994018 0.133026 0.011965 0.030769
0 0.993926 0.132931 0.012149 0.030769
0 0.993908 0.133482 0.012184 0.030769
0 0.993366 0.133302 0.013269 0.030769
0 0.994162 0.131967 0.011676 0.030769
0 0.994527 0.132422 0.010947 0.030769
0 0.994962 0.132500 0.010076 0.030769
0 0.995092 0.132205 0.009815 0.030769
0 0.995483 0.132483 0.009033 0.030769
0 0.995169 0.132605 0.009661 0.030769
0 0.995433 0.131875 0.009134 0.030769
0 0.995655 0.131817 0.008689 0.030769
0 0.995723 0.131997 0.008553 0.030769
0 0.995291 0.131335 0.009418 0.030769
0 0.994938 0.131726 0.010123 0.030769
0 0.995530 0.133836 0.008940 0.030769
0 0.995982 0.133540 0.008036 0.030769
0 0.995958 0.133086 0.008084 0.030769
0 0.995390 0.132967 0.009220 0.030769
0 0.995904 0.134495 0.008192 0.030769
0 0.995519 0.134934 0.008963 0.030769
0 0.995308 0.135050 0.009384 0.030769
0 0.995103 0.135084 0.009794 0.030769
0 0.995106 0.135305 0.009788 0.030769
0 0.994729 0.135193 0.010541 0.030769
0 0.995272 0.134662 0.009455 0.030769
0 0.995332 0.135220 0.009337 0.030769
0 0.994689 0.135719 0.010621 0.030769
0 0.994480 0.135699 0.011040 0.030769
0 0.994200 0.135385 0.011599 0.030769
0 0.993994 0.135692 0.012012 0.030769
0 0.993820 0.136440 0.012360 0.030769
0 0.993864 0.136133 0.012271 0.030769
0 0.993772 0.135959 0.012456 0.030769
0 0.993365 0.136290 0.013271 0.030769
0 0.993097 0.136345 0.013806 0.030769
0 0.992999 0.136607 0.014003 0.030769
0 0.994326 0.136921 0.011349 0.030769
0 0.993029 0.137273 0.013942 0.030769
0 0.992793 0.137656 0.014414 0.030769
0 0.992455 0.137461 0.015090 0.030769
0 0.992510 0.137177 0.014981 0.030769
0 0.993918 0.137494 0.012163 0.030769
0 0.993134 0.136576 0.013732 0.030769
0 0.993471 0.137138 0.013058 0.030769
0 0.993462 0.138246 0.013076 0.030769
0 0.992858 0.137950 0.014284 0.030769
0 0.992092 0.137875 0.015817 0.030769
0 0.991841 0.138034 0.016319 0.030769
0 0.991430 0.138261 0.017140 0.030769
0 0.991909 0.138519 0.016183 0.030769
0 0.991727 0.138831 0.016546 0.030769
0 0.991656 0.139146 0.016687 0.030769
0 0.991444 0.138770 0.017112 0.030769
0 0.990854 0.138818 0.018293 0.030769
0 0.990762 0.139078 0.018476 0.030769
0 0.990621 0.138886 0.018759 0.030769
0 0.991997 0.139340 0.016006 0.030769
0 0.991935 0.139710 0.016131 0.030769
0 0.992269 0.140047 0.015462 0.030769
0 0.992515 0.140002 0.014970 0.030769
0 0.992678 0.140108 0.014644 0.030769
0 0.992512 0.139632 0.014976 0.030769
0 0.992802 0.139636 0.014395 0.030769
0 0.993039 0.139649 0.013921 0.030769
0 0.992794 0.139343 0.014413 0.030769
0 0.993501 0.139374 0.012997 0.030769
0 0.991496 0.140244 0.017008 0.030769
0 0.991286 0.139948 0.017428 0.030769
0 0.991031 0.139653 0.017938 0.030769
0 0.990936 0.139907 0.018127 0.030769
0 0.990874 0.140094 0.018252 0.030769
0 0.990791 0.140329 0.018418 0.030769
0 0.991076 0.140271 0.017849 0.030769
0 0.990012 0.139757 0.019976 0.030769
0 0.990211 0.139187 0.019577 0.030769
0 0.990268 0.139333 0.019465 0.030769
0 0.990430 0.138804 0.019139 0.030769
0 0.990211 0.138780 0.019577 0.030769
0 0.993723 0.140305 0.012554 0.030769
0 0.994259 0.140441 0.011482 0.030769
0 0.994534 0.140051 0.010932 0.030769
0 0.994063 0.140363 0.011875 0.030769
0 0.991873 0.140632 0.016254 0.030769
0 0.992281 0.140706 0.015439 0.030769
0 0.992142 0.140886 0.015716 0.030769
0 0.991962 0.141093 0.016077 0.030769
0 0.992845 0.140937 0.014310 0.030769
0 0.993076 0.140991 0.013849 0.030769
0 0.992204 0.141516 0.015592 0.030769
0 0.991687 0.141533 0.016627 0.030769
0 0.991453 0.141428 0.017094 0.030769
0 0.991216 0.140912 0.017568 0.030769
0 0.990636 0.141409 0.018727 0.030769
0 0.990342 0.141242 0.019315 0.030769
0 0.990247 0.141031 0.019505 0.030769
0 0.989570 0.140822 0.020861 0.030769
0 0.989412 0.141120 0.021175 0.030769
0 0.989563 0.141378 0.020874 0.030769
0 0.989351 0.141595 0.021297 0.030769
0 0.989618 0.141731 0.020765 0.030769
0 0.989451 0.142044 0.021098 0.030769
0 0.989111 0.141646 0.021778 0.030769
0 0.989496 0.142470 0.021008 0.030769
0 0.989701 0.142680 0.020598 0.030769
0 0.989294 0.142684 0.021413 0.030769
0 0.989955 0.142345 0.020091 0.030769
0 0.990105 0.142537 0.019790 0.030769
0 0.990182 0.142213 0.019636 0.030769
0 0.989926 0.142121 0.020149 0.030769
0 0.989999 0.141827 0.020001 0.030769
0 0.989906 0.141676 0.020187 0.030769
0 0.990150 0.141499 0.019700 0.030769
0 0.990288 0.141882 0.019424 0.030769
0 0.990381 0.142334 0.019238 0.030769
0 0.990599 0.141904 0.018802 0.030769
0 0.990878 0.141786 0.018243 0.030769
0 0.990525 0.142599 0.018949 0.030769
0 0.990718 0.142629 0.018564 0.030769
0 0.991154 0.142301 0.017692 0.030769
0 0.991273 0.142518 0.017454 0.030769
0 0.991359 0.141933 0.017281 0.030769
0 0.991796 0.142430 0.016409 0.030769
0 0.991892 0.142213 0.016216 0.030769
0 0.991818 0.141963 0.016364 0.030769
0 0.988137 0.143136 0.023725 0.030769
0 0.988232 0.143554 0.023536 0.030769
0 0.988134 0.143850 0.023731 0.030769
0 0.988431 0.143326 0.023138 0.030769
0 0.989288 0.143629 0.021424 0.030769
0 0.989510 0.143336 0.020980 0.030769
0 0.989587 0.143636 0.020825 0.030769
0 0.989653 0.143836 0.020695 0.030769
0 0.989905 0.143812 0.020191 0.030769
0 0.989744 0.144183 0.020511 0.030769
0 0.989234 0.144135 0.021531 0.030769
0 0.988796 0.142976 0.022409 0.030769
0 0.990400 0.142935 0.019201 0.030769
0 0.990165 0.143510 0.019669 0.030769
0 0.989184 0.144550 0.021632 0.030769
0 0.988968 0.144612 0.022065 0.030769
0 0.988713 0.144333 0.022575 0.030769
0 0.988585 0.144761 0.022830 0.030769
0 0.988354 0.144822 0.023292 0.030769
0 0.987570 0.143700 0.024860 0.030769
0 0.986951 0.144862 0.026098 0.030769
0 0.987078 0.145161 0.025843 0.030769
0 0.987126 0.145402 0.025749 0.030769
0 0.986948 0.145561 0.026104 0.030769
0 0.986738 0.145676 0.026523 0.030769
0 0.987442 0.145083 0.025116 0.030769
0 0.987182 0.145737 0.025636 0.030769
0 0.987510 0.145483 0.024980 0.030769
0 0.987330 0.145948 0.025341 0.030769
0 0.987504 0.145764 0.024992 0.030769
0 0.987880 0.146025 0.024241 0.030769
0 0.987888 0.145666 0.024223 0.030769
0 0.987779 0.145561 0.024442 0.030769
0 0.987747 0.145286 0.024507 0.030769
0 0.987897 0.144991 0.024205 0.030769
0 0.987977 0.145449 0.024046 0.030769
0 0.988160 0.145432 0.023679 0.030769
0 0.988270 0.145120 0.023460 0.030769
0 0.988075 0.144845 0.023851 0.030769
0 0.987752 0.144795 0.024495 0.030769
0 0.987472 0.144781 0.025057 0.030769
0 0.988497 0.146046 0.023005 0.030769
0 0.988810 0.145778 0.022380 0.030769
0 0.988798 0.145447 0.022404 0.030769
0 0.989070 0.145447 0.021861 0.030769
0 0.989070 0.145728 0.021861 0.030769
0 0.989129 0.146056 0.021743 0.030769
0 0.989185 0.146357 0.021631 0.030769
0 0.988456 0.146455 0.023088 0.030769
0 0.988356 0.146767 0.023289 0.030769
0 0.988533 0.147129 0.022935 0.030769
0 0.988792 0.146993 0.022415 0.030769
0 0.988795 0.146628 0.022409 0.030769
0 0.988710 0.146804 0.022581 0.030769
0 0.990020 0.146053 0.019961 0.030769
0 0.989677 0.145728 0.020645 0.030769
0 0.990371 0.145795 0.019258 0.030769
0 0.989636 0.146868 0.020728 0.030769
0 0.989763 0.147190 0.020474 0.030769
0 0.990082 0.146492 0.019837 0.030769
0 0.990722 0.145454 0.018556 0.030769
0 0.990737 0.145136 0.018527 0.030769
0 0.991072 0.144894 0.017856 0.030769
0 0.991238 0.144962 0.017524 0.030769
0 0.991250 0.145177 0.017500 0.030769
0 0.991781 0.144602 0.016439 0.030769
0 0.992513 0.144343 0.014974 0.030769
0 0.990012 0.147554 0.019976 0.030769
0 0.989346 0.148073 0.021309 0.030769
0 0.989203 0.147687 0.021594 0.030769
0 0.988950 0.147749 0.022100 0.030769
0 0.989194 0.147346 0.021612 0.030769
0 0.989390 0.147442 0.021219 0.030769
0 0.989578 0.148229 0.020843 0.030769
0 0.988126 0.147786 0.023747 0.030769
0 0.987848 0.147503 0.024305 0.030769
0 0.987782 0.146969 0.024435 0.030769
0 0.987557 0.147092 0.024886 0.030769
0 0.987492 0.147435 0.025017 0.030769
0 0.987474 0.147718 0.025052 0.030769
0 0.986407 0.146295 0.027187 0.030769
0 0.986674 0.146585 0.026653 0.030769
0 0.986840 0.146391 0.026320 0.030769
0 0.986964 0.146738 0.026071 0.030769
0 0.986792 0.146986 0.026415 0.030769
0 0.986564 0.146904 0.026872 0.030769
0 0.986466 0.147081 0.027068 0.030769
0 0.986211 0.147275 0.027578 0.030769
0 0.986119 0.147602 0.027762 0.030769
0 0.986217 0.147874 0.027566 0.030769
0 0.986368 0.147819 0.027264 0.030769
0 0.986597 0.147452 0.026807 0.030769
0 0.986816 0.147278 0.026368 0.030769
0 0.987024 0.146921 0.025953 0.030769
0 0.987173 0.147478 0.025654 0.030769
0 0.987143 0.147846 0.025713 0.030769
0 0.986928 0.148116 0.026144 0.030769
0 0.986477 0.148147 0.027045 0.030769
0 0.986133 0.148143 0.027735 0.030769
0 0.986040 0.148542 0.027919 0.030769
0 0.985859 0.148467 0.028282 0.030769
0 0.987831 0.147300 0.024338 0.030769
0 0.987908 0.147130 0.024185 0.030769
0 0.985640 0.148961 0.028720 0.030769
0 0.985430 0.149199 0.029140 0.030769
0 0.984757 0.149688 0.030485 0.030769
0 0.984499 0.149841 0.031002 0.030769
0 0.972804 0.133896 0.049231 0.030769
0 0.973879 0.133429 0.049231 0.030769
0 0.973306 0.131141 0.049231 0.030769
0 0.972254 0.133317 0.049231 0.030769
0 0.994353 0.116383 0.011295 0.030769
0 0.994560 0.117180 0.010880 0.030769
0 0.995259 0.116672 0.009482 0.030769
0 0.995347 0.116438 0.009307 0.030769
0 0.995626 0.115674 0.008748 0.030769
0 0.997764 0.116211 0.004472 0.030769
0 0.997014 0.118686 0.005972 0.030769
0 0.996513 0.121507 0.006973 0.030769
0 0.996982 0.122117 0.006036 0.030769
0 0.996637 0.122789 0.006725 0.030769
0 0.996540 0.123150 0.006919 0.030769
0 0.996272 0.123613 0.007455 0.030769
0 0.995248 0.126006 0.009504 0.030769
0 0.995795 0.125462 0.008409 0.030769
0 0.996286 0.124979 0.007429 0.030769
0 0.994084 0.126514 0.011833 0.030769
0 0.993438 0.127051 0.013125 0.030769
0 0.993032 0.127177 0.013937 0.030769
0 0.991141 0.128095 0.017717 0.030769
0 0.989990 0.130188 0.020020 0.030769
0 0.989535 0.130454 0.020929 0.030769
0 0.989366 0.130652 0.021268 0.030769
0 0.989033 0.131231 0.021933 0.030769
0 0.987833 0.133502 0.024333 0.030769
0 0.987123 0.134363 0.025754 0.030769
0 0.986706 0.135284 0.026588 0.030769
0 0.985814 0.136165 0.028373 0.030769
0 0.985733 0.135674 0.028535 0.030769
0 0.984612 0.136706 0.030775 0.030769
0 0.982892 0.138607 0.034216 0.030769
0 0.982625 0.139405 0.034750 0.030769
0 0.981670 0.140155 0.036660 0.030769
0 0.978335 0.142092 0.043331 0.030769
0 0.979303 0.140944 0.041393 0.030769
0 0.978469 0.140952 0.043062 0.030769
0 0.978037 0.141015 0.043925 0.030769
0 0.979746 0.140503 0.040508 0.030769
0 0.979238 0.140482 0.041524 0.030769
0 0.978346 0.140507 0.043309 0.030769
0 0.978201 0.140033 0.043599 0.030769
0 0.978233 0.139579 0.043534 0.030769
0 0.979303 0.139912 0.041393 0.030769
0 0.977938 0.142844 0.044123 0.030769
0 0.977818 0.142449 0.044364 0.030769
0 0.978569 0.143629 0.042863 0.030769
0 0.982544 0.145427 0.034912 0.030769
0 0.982979 0.145114 0.034042 0.030769
0 0.983151 0.144843 0.033699 0.030769
0 0.983965 0.144310 0.032069 0.030769
0 0.985514 0.144201 0.028973 0.030769
0 0.984957 0.143550 0.030085 0.030769
0 0.984159 0.148056 0.031683 0.030769
0 0.983318 0.149906 0.033364 0.030769
0 0.984912 0.149379 0.030176 0.030769
0 0.985399 0.149693 0.029203 0.030769
0 0.986160 0.148787 0.027680 0.030769
0 0.987693 0.146328 0.024613 0.030769
0 0.987725 0.144226 0.024551 0.030769
0 0.989017 0.143080 0.021965 0.030769
0 0.990273 0.143241 0.019453 0.030769
0 0.986688 0.141258 0.026624 0.030769
0 0.988489 0.141134 0.023022 0.030769
0 0.987977 0.140448 0.024047 0.030769
0 0.988227 0.140809 0.023546 0.030769
0 0.990856 0.142832 0.018287 0.030769
0 0.989834 0.140799 0.020333 0.030769
0 0.989905 0.140057 0.020189 0.030769
0 0.991876 0.141676 0.016248 0.030769
0 0.992245 0.138880 0.015510 0.030769
0 0.989621 0.137452 0.020759 0.030769
0 0.991096 0.137221 0.017808 0.030769
0 0.991535 0.137147 0.016929 0.030769
0 0.990598 0.136022 0.018805 0.030769
0 0.991364 0.135460 0.017272 0.030769
0 0.991848 0.134871 0.016303 0.030769
0 0.992009 0.134709 0.015983 0.030769
0 0.990963 0.135496 0.018074 0.030769
0 0.992526 0.134763 0.014948 0.030769
0 0.993453 0.133572 0.013094 0.030769
0 0.993848 0.133935 0.012305 0.030769
0 0.994040 0.134252 0.011920 0.030769
0 0.995565 0.134082 0.008869 0.030769
0 0.995411 0.133255 0.009179 0.030769
0 0.993160 0.133393 0.013680 0.030769
0 0.993791 0.132588 0.012417 0.030769
0 0.994700 0.132546 0.010600 0.030769
0 0.989145 0.120732 0.021710 0.030769
0 0.988728 0.120634 0.022543 0.030769
0 0.988362 0.121071 0.023276 0.030769
0 0.986896 0.121895 0.026209 0.030769
0 0.985208 0.124406 0.029583 0.030769
0 0.985484 0.124170 0.029033 0.030769
0 0.985132 0.119574 0.029737 0.030769
0 0.983727 0.120788 0.032547 0.030769
0 0.983948 0.121183 0.032103 0.030769
0 0.983115 0.121414 0.033770 0.030769
0 0.983133 0.121846 0.033735 0.030769
0 0.982717 0.122453 0.034566 0.030769
0 0.981617 0.121616 0.036766 0.030769
0 0.981060 0.121725 0.037881 0.030769
0 0.980210 0.122295 0.039581 0.030769
0 0.979877 0.121755 0.040246 0.030769
0 0.981233 0.124644 0.037534 0.030769
0 0.980448 0.124034 0.039105 0.030769
0 0.979600 0.124738 0.040801 0.030769
0 0.979017 0.125696 0.041965 0.030769
0 0.977862 0.124500 0.044277 0.030769
0 0.977072 0.125063 0.045857 0.030769
0 0.977410 0.121183 0.045180 0.030769
0 0.976505 0.123362 0.046990 0.030769
0 0.977740 0.126217 0.044519 0.030769
0 0.975612 0.125885 0.048777 0.030769
0 0.976145 0.127432 0.047710 0.030769
0 0.975845 0.127350 0.048310 0.030769
0 0.975922 0.128062 0.048156 0.030769
0 0.976434 0.128066 0.047131 0.030769
0 0.977446 0.129376 0.045109 0.030769
0 0.979406 0.127498 0.041188 0.030769
0 0.978395 0.128469 0.043211 0.030769
0 0.977035 0.129282 0.045930 0.030769
0 0.977482 0.130258 0.045036 0.030769
0 0.975848 0.131058 0.048304 0.030769
0 0.973989 0.129759 0.049231 0.030769
0 0.972458 0.128068 0.049231 0.030769
0 0.971699 0.128116 0.049231 0.030769
0 0.970748 0.133499 0.049231 0.030769
0 0.972402 0.132989 0.049231 0.030769
0 0.972775 0.133132 0.049231 0.030769
0 0.974928 0.134175 0.049231 0.030769
0 0.970436 0.137473 0.049231 0.030769
0 0.972714 0.138172 0.049231 0.030769
0 0.973124 0.137446 0.049231 0.030769
0 0.974319 0.137248 0.049231 0.030769
0 0.974534 0.137682 0.049231 0.030769
0 0.971009 0.140722 0.049231 0.030769
0 0.971845 0.139964 0.049231 0.030769
0 0.972894 0.139481 0.049231 0.030769
0 0.969586 0.139879 0.049231 0.030769
0 0.972054 0.141496 0.049231 0.030769
0 0.976984 0.136895 0.046033 0.030769
0 0.977826 0.136844 0.044348 0.030769
0 0.977997 0.137240 0.044005 0.030769
0 0.978198 0.137318 0.043604 0.030769
0 0.978422 0.137806 0.043157 0.030769
0 0.978623 0.137612 0.042754 0.030769
0 0.978520 0.138604 0.042960 0.030769
0 0.977099 0.136495 0.045802 0.030769
0 0.978157 0.134745 0.043685 0.030769
0 0.978630 0.134390 0.042741 0.030769
0 0.979009 0.133644 0.041982 0.030769
0 0.979733 0.131627 0.040533 0.030769
0 0.979998 0.131842 0.040005 0.030769
0 0.980527 0.132246 0.038947 0.030769
0 0.980684 0.131969 0.038632 0.030769
0 0.980794 0.131662 0.038411 0.030769
0 0.980915 0.130728 0.038169 0.030769
0 0.981409 0.130915 0.037181 0.030769
0 0.982010 0.130433 0.035980 0.030769
0 0.982072 0.130138 0.035856 0.030769
0 0.972771 0.132322 0.049231 0.030769
0 0.975832 0.131841 0.048336 0.030769
0 0.976125 0.131418 0.047751 0.030769
0 0.976514 0.130947 0.046971 0.030769
0 0.975989 0.132148 0.048022 0.030769
0 0.976585 0.129974 0.046829 0.030769
0 0.976981 0.125956 0.046038 0.030769
0 0.977038 0.126276 0.045925 0.030769
0 0.982121 0.121065 0.035758 0.030769
0 0.988148 0.139644 0.023704 0.030769
0 0.988657 0.146307 0.022685 0.030769
0 0.988582 0.146581 0.022837 0.030769
0 0.989589 0.139931 0.020822 0.030769
0 0.977548 0.135811 0.044904 0.030769
0 0.967705 0.138378 0.049231 0.030769
0 0.970876 0.134325 0.049231 0.030769
0 0.970184 0.131373 0.049231 0.030769
0 0.975175 0.127621 0.049231 0.030769
0 0.980941 0.120924 0.038118 0.030769
0 0.990671 0.142074 0.018658 0.030769
0 0.993973 0.136487 0.012054 0.030769
0 0.992319 0.136131 0.015363 0.030769
0 0.990710 0.140051 0.018581 0.030769
0 0.992099 0.139888 0.015802 0.030769
0 0.989857 0.143549 0.020287 0.030769
0 0.990135 0.136872 0.019731 0.030769
0 0.995065 0.131425 0.009870 0.030769
0 0.996013 0.124713 0.007974 0.030769