0 0.995493 0.834534 0.009015 0.031311
0 0.987442 0.834862 0.025116 0.031311
0 0.987894 0.834889 0.024211 0.031311
0 0.988657 0.838003 0.022687 0.031311
0 0.985941 0.840926 0.028117 0.031311
0 0.988966 0.842838 0.022067 0.031311
0 0.986060 0.843111 0.027879 0.031311
0 0.990062 0.843603 0.019876 0.031311
0 0.989776 0.843794 0.020448 0.031311
0 0.993087 0.844313 0.013826 0.031311
0 0.986608 0.844341 0.026784 0.031311
0 0.991586 0.844723 0.016827 0.031311
0 0.986918 0.844778 0.026164 0.031311
0 0.982702 0.844832 0.034596 0.031311
0 0.986132 0.845051 0.027736 0.031311
0 0.990395 0.845898 0.019209 0.031311
0 0.986299 0.846963 0.027403 0.031311
0 0.986156 0.847154 0.027689 0.031311
0 0.985322 0.847318 0.029356 0.031311
0 0.981368 0.847728 0.037264 0.031311
0 0.984893 0.848520 0.030213 0.031311
0 0.991991 0.848793 0.016018 0.031311
0 0.985298 0.849039 0.029404 0.031311
0 0.995969 0.849230 0.008062 0.031311
0 0.987037 0.849449 0.025926 0.031311
0 0.984131 0.849804 0.031738 0.031311
0 0.989967 0.850077 0.020067 0.031311
0 0.995683 0.850159 0.008634 0.031311
0 0.996183 0.850760 0.007633 0.031311
0 0.989419 0.851498 0.021162 0.031311
0 0.992396 0.851689 0.015208 0.031311
0 0.985894 0.852017 0.028213 0.031311
0 0.997898 0.852262 0.004203 0.031311
0 0.991110 0.852290 0.017780 0.031311
0 0.997350 0.852672 0.005299 0.031311
0 0.994587 0.852727 0.010825 0.031311
0 0.997041 0.852781 0.005918 0.031311
0 0.985826 0.852988 0.028349 0.031311
0 0.994849 0.853246 0.010301 0.031311
0 0.992158 0.853246 0.015684 0.031311
0 0.996379 0.853300 0.007243 0.031311
0 0.989848 0.853437 0.020305 0.031311
0 0.994397 0.853382 0.011206 0.031311
0 0.994325 0.854257 0.011349 0.031311
0 0.985584 0.854257 0.028832 0.031311
0 0.990705 0.856032 0.018590 0.031311
0 0.954842 0.976278 0.054237 0.031311
0 0.968513 0.978737 0.054237 0.031311
0 0.935501 0.979393 0.054237 0.031311
0 0.967751 0.980130 0.054237 0.031311
0 0.937787 0.980239 0.054237 0.031311
0 0.971562 0.980376 0.054237 0.031311
0 0.957747 0.980458 0.054237 0.031311
0 0.939026 0.981032 0.054237 0.031311
0 0.963226 0.981086 0.054237 0.031311
0 0.938359 0.981742 0.054237 0.031311
0 0.938359 0.982616 0.054237 0.031311
0 0.928736 0.983053 0.054237 0.031311
0 0.953317 0.983080 0.054237 0.031311
0 0.969276 0.983353 0.054237 0.031311
0 0.949316 0.983654 0.054237 0.031311
0 0.970848 0.983790 0.054237 0.031311
0 0.938645 0.984118 0.054237 0.031311
0 0.937263 0.984255 0.054237 0.031311
0 0.970467 0.984255 0.054237 0.031311
0 0.929737 0.984337 0.054237 0.031311
0 0.967942 0.984477 0.054237 0.031046
0 0.941313 0.984559 0.054237 0.030882
0 0.931690 0.984750 0.054237 0.030499
0 0.941884 0.984750 0.054237 0.030499
0 0.957938 0.985064 0.054237 0.029871
0 0.966751 0.985078 0.054237 0.029844
0 0.953317 0.985105 0.054237 0.029789
0 0.969562 0.985160 0.054237 0.029680
0 0.960510 0.985228 0.054237 0.029543
0 0.958566 0.985442 0.054237 0.029117
0 0.969133 0.985638 0.054237 0.028724
0 0.967942 0.985747 0.054237 0.028505
0 0.968180 0.985870 0.054237 0.028259
0 0.963940 0.986785 0.054237 0.026429
0 0.975580 0.976989 0.048840 0.031311
0 0.975604 0.980759 0.048792 0.031311
0 0.978224 0.982343 0.043552 0.031311
0 0.977867 0.985802 0.044266 0.028396
0 0.976035 0.986953 0.047931 0.026094
0 0.980296 0.987373 0.039407 0.025255
0 0.976033 0.987742 0.047934 0.024517
0 0.975723 0.988301 0.048554 0.023397
0 0.976914 0.988698 0.046172 0.022605
0 0.976890 0.988821 0.046219 0.022359
0 0.976342 0.989121 0.047315 0.021758
0 0.974580 0.989695 0.050840 0.020611
0 0.977652 0.989845 0.044695 0.020310
0 0.978379 0.990231 0.043243 0.019538
0 0.977533 0.990250 0.044933 0.019499
0 0.944654 0.965279 0.054237 0.031311
0 0.938275 0.975075 0.054237 0.031311
0 0.934976 0.979153 0.054237 0.031311
0 0.927643 0.982769 0.054237 0.031311
0 0.928083 0.986037 0.054237 0.027926
0 0.930576 0.988287 0.054237 0.023427
0 0.948246 0.989863 0.054237 0.020274
0 0.955138 0.991040 0.054237 0.017919
0 0.978307 0.990788 0.043385 0.018424
0 0.981680 0.989022 0.036640 0.021955
0 0.981387 0.985428 0.037227 0.029145
0 0.979517 0.981802 0.040966 0.031311
0 0.976548 0.974612 0.046905 0.031311
0 0.968556 0.969946 0.054237 0.031311
0 0.954625 0.966204 0.054237 0.031311
0 0.996904 0.834793 0.006192 0.031311
0 0.994929 0.833108 0.010141 0.031311
0 0.992449 0.831976 0.015102 0.031311
0 0.990546 0.830760 0.018907 0.031311
0 0.988885 0.830678 0.022230 0.031311
0 0.986212 0.831810 0.027577 0.031311
0 0.983033 0.834793 0.033934 0.031311
0 0.981612 0.837886 0.036776 0.031311
0 0.980817 0.847414 0.038365 0.031311
0 0.982142 0.850922 0.035716 0.031311
0 0.984261 0.855065 0.031478 0.031311
0 0.987729 0.856832 0.024542 0.031311
0 0.991510 0.856584 0.016981 0.031311
0 0.997723 0.853767 0.004554 0.031311
0 0.998806 0.852027 0.002387 0.031311
0 0.998445 0.847801 0.003109 0.031311
0 0.996133 0.841559 0.007733 0.031311
0 0.996398 0.839736 0.007203 0.031311
0 0.997217 0.838576 0.005566 0.031311
0 0.977655 0.987389 0.044690 0.025223
0 0.977188 0.987354 0.045624 0.025291
0 0.976989 0.987554 0.046022 0.024892
0 0.976353 0.987354 0.047294 0.025291
0 0.976343 0.985952 0.047314 0.028095
0 0.975190 0.985656 0.049620 0.028688
0 0.976929 0.990330 0.046142 0.019339
0 0.974603 0.990274 0.050794 0.019453
0 0.972230 0.989361 0.054237 0.021277
0 0.972667 0.989555 0.054237 0.020890
0 0.967718 0.990570 0.054237 0.018860
0 0.960719 0.986796 0.054237 0.026408
0 0.946783 0.987731 0.054237 0.024539
0 0.946723 0.987486 0.054237 0.025029
0 0.945590 0.987531 0.054237 0.024938
0 0.938155 0.987657 0.054237 0.024687
0 0.939507 0.988791 0.054237 0.022418
0 0.941039 0.988837 0.054237 0.022326
0 0.944855 0.988876 0.054237 0.022247
0 0.945192 0.988655 0.054237 0.022691
0 0.937061 0.987252 0.054237 0.025496
0 0.935888 0.987206 0.054237 0.025587
0 0.934497 0.986870 0.054237 0.026260
0 0.947422 0.983024 0.054237 0.031311
0 0.946863 0.984430 0.054237 0.031139
0 0.943602 0.984841 0.054237 0.030318
0 0.949228 0.985314 0.054237 0.029372
0 0.949805 0.985445 0.054237 0.029110
0 0.957439 0.985080 0.054237 0.029840
0 0.957876 0.981381 0.054237 0.031311
0 0.958892 0.981736 0.054237 0.031311
0 0.960699 0.981941 0.054237 0.031311
0 0.960699 0.981210 0.054237 0.031311
0 0.960819 0.979832 0.054237 0.031311
0 0.958711 0.977380 0.054237 0.031311
0 0.960161 0.977334 0.054237 0.031311
0 0.945292 0.981917 0.054237 0.031311
0 0.945550 0.982316 0.054237 0.031311
0 0.970759 0.985274 0.054237 0.029452
0 0.969964 0.985508 0.054237 0.028985
0 0.971296 0.983422 0.054237 0.031311
0 0.970282 0.982863 0.054237 0.031311
0 0.971216 0.984209 0.054237 0.031311
0 0.974723 0.978201 0.050554 0.031311
0 0.974822 0.978749 0.050356 0.031311
0 0.976194 0.981256 0.047612 0.031311
0 0.963722 0.973984 0.054237 0.031311
0 0.963503 0.974531 0.054237 0.031311
0 0.964836 0.974497 0.054237 0.031311
0 0.973550 0.980675 0.052900 0.031311
0 0.955586 0.968803 0.054237 0.031311
0 0.958071 0.968081 0.054237 0.031311
0 0.960346 0.968716 0.054237 0.031311
0 0.964501 0.972489 0.054237 0.031311
0 0.960625 0.978087 0.054237 0.031311
0 0.944899 0.979375 0.054237 0.031311
0 0.952195 0.980926 0.054237 0.031311
0 0.951221 0.983536 0.054237 0.031311
0 0.950207 0.983103 0.054237 0.031311
0 0.958080 0.981849 0.054237 0.031311
0 0.962156 0.980139 0.054237 0.031311
0 0.959929 0.978817 0.054237 0.031311
0 0.960843 0.980424 0.054237 0.031311
0 0.965870 0.978021 0.054237 0.031311
0 0.965025 0.977881 0.054237 0.031311
0 0.965098 0.978646 0.054237 0.031311
0 0.966765 0.977759 0.054237 0.031311
0 0.973025 0.976696 0.053949 0.031311
0 0.974218 0.980424 0.051564 0.031311
0 0.974208 0.980093 0.051584 0.031311
0 0.973829 0.980789 0.052343 0.031311
0 0.971062 0.980629 0.054237 0.031311
0 0.970764 0.980139 0.054237 0.031311
0 0.970218 0.980258 0.054237 0.031311
0 0.968495 0.980286 0.054237 0.031311
0 0.968760 0.980592 0.054237 0.031311
0 0.967342 0.980250 0.054237 0.031311
0 0.966609 0.980777 0.054237 0.031311
0 0.966992 0.980935 0.054237 0.031311
0 0.967523 0.982020 0.054237 0.031311
0 0.970234 0.983550 0.054237 0.031311
0 0.969254 0.981292 0.054237 0.031311
0 0.968020 0.983634 0.054237 0.031311
0 0.965416 0.984698 0.054237 0.030603
0 0.968155 0.984783 0.054237 0.030434
0 0.970128 0.985707 0.054237 0.028585
0 0.970651 0.985355 0.054237 0.029289
0 0.970065 0.984038 0.054237 0.031311
0 0.968776 0.983878 0.054237 0.031311
0 0.978616 0.983220 0.042767 0.031311
0 0.979091 0.983384 0.041818 0.031311
0 0.975729 0.986420 0.048542 0.027159
0 0.972135 0.988922 0.054237 0.022156
0 0.957841 0.990797 0.054237 0.018405
0 0.953885 0.990604 0.054237 0.018793
0 0.960207 0.990917 0.054237 0.018166
0 0.961062 0.990832 0.054237 0.018337
0 0.953498 0.986789 0.054237 0.026421
0 0.948597 0.986260 0.054237 0.027480
0 0.948219 0.986329 0.054237 0.027343
0 0.975918 0.989931 0.048164 0.020138
0 0.956350 0.985502 0.054237 0.028996
0 0.961897 0.985394 0.054237 0.029212
0 0.944641 0.986192 0.054237 0.027616
0 0.934223 0.986494 0.054237 0.027012
0 0.933176 0.986540 0.054237 0.026919
0 0.930327 0.982886 0.054237 0.031311
0 0.929810 0.982818 0.054237 0.031311
0 0.940406 0.978691 0.054237 0.031311
0 0.953030 0.982590 0.054237 0.031311
0 0.986834 0.851107 0.026332 0.031311
0 0.986779 0.853141 0.026442 0.031311
0 0.987318 0.854000 0.025363 0.031311
0 0.988269 0.853791 0.023462 0.031311
0 0.988406 0.854399 0.023188 0.031311
0 0.989549 0.853277 0.020902 0.031311
0 0.989183 0.853613 0.021633 0.031311
0 0.989814 0.849387 0.020372 0.031311
0 0.989174 0.850488 0.021652 0.031311
0 0.983680 0.852197 0.032640 0.031311
0 0.982144 0.848580 0.035712 0.031311
0 0.984055 0.842992 0.031890 0.031311
0 0.985079 0.844114 0.029843 0.031311
0 0.985033 0.844638 0.029934 0.031311
0 0.982364 0.844460 0.035273 0.031311
0 0.984704 0.839407 0.030592 0.031311
0 0.985161 0.841325 0.029678 0.031311
0 0.985152 0.841734 0.029696 0.031311
0 0.986295 0.840413 0.027411 0.031311
0 0.986432 0.841461 0.027137 0.031311
0 0.989037 0.841661 0.021926 0.031311
0 0.988717 0.842720 0.022566 0.031311
0 0.988260 0.842744 0.023481 0.031311
0 0.989640 0.838704 0.020719 0.031311
0 0.992538 0.842321 0.014924 0.031311
0 0.991642 0.842258 0.016715 0.031311
0 0.993306 0.843600 0.013388 0.031311
0 0.991085 0.843286 0.017831 0.031311
0 0.992401 0.845330 0.015198 0.031311
0 0.991907 0.846693 0.016185 0.031311
0 0.995381 0.841807 0.009237 0.031311
0 0.997009 0.847049 0.005983 0.031311
0 0.997658 0.849461 0.004685 0.031311
0 0.997621 0.850090 0.004758 0.031311
0 0.998499 0.849482 0.003003 0.031311
0 0.994440 0.849943 0.011121 0.031311
0 0.994065 0.833693 0.011870 0.031311
0 0.993772 0.834102 0.012455 0.031311
0 0.994741 0.836806 0.010517 0.031311
0 0.994650 0.837152 0.010700 0.031311
0 0.994239 0.838201 0.011523 0.031311
0 0.995153 0.839281 0.009694 0.031311
0 0.995144 0.839480 0.009713 0.031311
0 0.993690 0.839155 0.012620 0.031311
0 0.993800 0.839511 0.012400 0.031311
0 0.993900 0.839931 0.012199 0.031311
0 0.989375 0.834259 0.021249 0.031311
0 0.989311 0.834835 0.021378 0.031311
0 0.986295 0.834322 0.027411 0.031311
0 0.984745 0.836897 0.030510 0.031311
0 0.984603 0.836555 0.030793 0.031311
0 0.984640 0.837572 0.030720 0.031311
0 0.984658 0.837226 0.030684 0.031311
0 0.988379 0.836272 0.023242 0.031311
0 0.996350 0.836964 0.007299 0.031311
0 0.996689 0.837467 0.006623 0.031311
0 0.996725 0.838044 0.006550 0.031311
0 0.996926 0.838568 0.006147 0.031311
0 0.994019 0.838840 0.011962 0.031311
0 0.982236 0.838725 0.035529 0.031311
0 0.988400 0.831355 0.023199 0.031311
0 0.988144 0.831250 0.023711 0.031311
0 0.987413 0.831529 0.025175 0.031311
0 0.985656 0.832987 0.028688 0.031311
0 0.984762 0.834605 0.030476 0.031311
0 0.985484 0.834668 0.029032 0.031311
0 0.983015 0.835496 0.033969 0.031311
0 0.982952 0.836041 0.034096 0.031311
0 0.982531 0.836440 0.034937 0.031311
0 0.982248 0.838306 0.035504 0.031311
0 0.982394 0.839606 0.035212 0.031311
0 0.982952 0.839926 0.034096 0.031311
0 0.983062 0.839480 0.033877 0.031311
0 0.983327 0.839627 0.033347 0.031311
0 0.983164 0.839983 0.033671 0.031311
0 0.983603 0.840910 0.032795 0.031311
0 0.985448 0.838767 0.029105 0.031311
0 0.985557 0.838998 0.028886 0.031311
0 0.985594 0.836953 0.028812 0.031311
0 0.985841 0.836922 0.028319 0.031311
0 0.986627 0.835905 0.026746 0.031311
0 0.987523 0.834332 0.024955 0.031311
0 0.987815 0.834185 0.024370 0.031311
0 0.987870 0.833860 0.024260 0.031311
0 0.987907 0.833598 0.024187 0.031311
0 0.988062 0.833095 0.023876 0.031311
0 0.988060 0.832611 0.023879 0.031311
0 0.988428 0.833944 0.023145 0.031311
0 0.988834 0.834266 0.022333 0.031311
0 0.988400 0.834448 0.023199 0.031311
0 0.988340 0.835071 0.023320 0.031311
0 0.988796 0.835467 0.022409 0.031311
0 0.987581 0.836222 0.024837 0.031311
0 0.987941 0.836486 0.024117 0.031311
0 0.988251 0.837090 0.023499 0.031311
0 0.987589 0.835127 0.024823 0.031311
0 0.988938 0.837178 0.022124 0.031311
0 0.990366 0.838065 0.019269 0.031311
0 0.992057 0.835517 0.015886 0.031311
0 0.994982 0.839910 0.010035 0.031311
0 0.994452 0.840675 0.011096 0.031311
0 0.992441 0.841493 0.015118 0.031311
0 0.992094 0.841629 0.015813 0.031311
0 0.992685 0.842489 0.014630 0.031311
0 0.990832 0.839941 0.018336 0.031311
0 0.990530 0.840224 0.018939 0.031311
0 0.990960 0.841084 0.018080 0.031311
0 0.990933 0.841650 0.018135 0.031311
0 0.990768 0.843212 0.018464 0.031311
0 0.991207 0.843558 0.017586 0.031311
0 0.991344 0.844240 0.017312 0.031311
0 0.991618 0.844198 0.016764 0.031311
0 0.991902 0.844208 0.016197 0.031311
0 0.992057 0.844386 0.015886 0.031311
0 0.992450 0.844995 0.015100 0.031311
0 0.992866 0.845297 0.014268 0.031311
0 0.993958 0.845791 0.012083 0.031311
0 0.994223 0.846462 0.011553 0.031311
0 0.991847 0.845718 0.016307 0.031311
0 0.989607 0.844848 0.020786 0.031311
0 0.990027 0.845257 0.019945 0.031311
0 0.990037 0.845980 0.019927 0.031311
0 0.989333 0.845676 0.021335 0.031311
0 0.988903 0.846703 0.022194 0.031311
0 0.987477 0.845970 0.025046 0.031311
0 0.987934 0.844565 0.024132 0.031311
0 0.988976 0.843946 0.022048 0.031311
0 0.989159 0.843705 0.021682 0.031311
0 0.988693 0.841996 0.022614 0.031311
0 0.987578 0.842143 0.024845 0.031311
0 0.987733 0.842353 0.024534 0.031311
0 0.988464 0.842206 0.023071 0.031311
0 0.989899 0.839564 0.020201 0.031311
0 0.986343 0.837761 0.027313 0.031311
0 0.986965 0.837907 0.026070 0.031311
0 0.986764 0.838473 0.026472 0.031311
0 0.986444 0.838704 0.027112 0.031311
0 0.986225 0.838924 0.027551 0.031311
0 0.985950 0.839270 0.028099 0.031311
0 0.986709 0.839155 0.026582 0.031311
0 0.987331 0.839071 0.025339 0.031311
0 0.986426 0.841944 0.027149 0.031311
0 0.986097 0.842007 0.027807 0.031311
0 0.985420 0.841420 0.029160 0.031311
0 0.985786 0.842803 0.028428 0.031311
0 0.985740 0.843107 0.028520 0.031311
0 0.986508 0.843757 0.026984 0.031311
0 0.986691 0.844009 0.026618 0.031311
0 0.985804 0.844062 0.028392 0.031311
0 0.985413 0.843876 0.029173 0.031311
0 0.983455 0.843432 0.033091 0.031311
0 0.983665 0.843663 0.032670 0.031311
0 0.986023 0.843831 0.027953 0.031311
0 0.986444 0.844586 0.027112 0.031311
0 0.985978 0.844879 0.028044 0.031311
0 0.985685 0.845005 0.028630 0.031311
0 0.985639 0.845414 0.028721 0.031311
0 0.985831 0.845613 0.028337 0.031311
0 0.985402 0.845393 0.029196 0.031311
0 0.985027 0.845362 0.029946 0.031311
0 0.984853 0.847343 0.030293 0.031311
0 0.985018 0.848192 0.029964 0.031311
0 0.985054 0.848004 0.029891 0.031311
0 0.985822 0.848926 0.028355 0.031311
0 0.984753 0.849020 0.030494 0.031311
0 0.986974 0.849838 0.026052 0.031311
0 0.987166 0.850981 0.025668 0.031311
0 0.987258 0.848161 0.025485 0.031311
0 0.988327 0.848622 0.023346 0.031311
0 0.987587 0.849199 0.024827 0.031311
0 0.988455 0.849094 0.023090 0.031311
0 0.989040 0.849765 0.021920 0.031311
0 0.989954 0.849723 0.020091 0.031311
0 0.992075 0.849723 0.015850 0.031311
0 0.992221 0.847333 0.015557 0.031311
0 0.991682 0.848412 0.016636 0.031311
0 0.986078 0.852879 0.027843 0.031311
0 0.986069 0.853581 0.027862 0.031311
0 0.985448 0.853298 0.029105 0.031311
0 0.985393 0.854661 0.029215 0.031311
0 0.986234 0.854147 0.027533 0.031311
0 0.986380 0.854483 0.027240 0.031311
0 0.986672 0.854556 0.026655 0.031311
0 0.986407 0.854955 0.027185 0.031311
0 0.986535 0.855353 0.026929 0.031311
0 0.986691 0.855605 0.026618 0.031311
0 0.987132 0.855916 0.025735 0.031311
0 0.989086 0.852648 0.021828 0.031311
0 0.989470 0.852669 0.021060 0.031311
0 0.994260 0.849639 0.011480 0.031311
0 0.994305 0.848462 0.011389 0.031311
0 0.994178 0.848108 0.011644 0.031311
0 0.994123 0.847490 0.011754 0.031311
0 0.993492 0.849115 0.013016 0.031311
0 0.994050 0.850373 0.011900 0.031311
0 0.994662 0.850897 0.010675 0.031311
0 0.995037 0.851317 0.009926 0.031311
0 0.994873 0.851589 0.010255 0.031311
0 0.994772 0.852564 0.010456 0.031311
0 0.997131 0.853634 0.005739 0.031311
0 0.998036 0.853109 0.003929 0.031311
0 0.998246 0.849660 0.003508 0.031311
0 0.998154 0.849922 0.003691 0.031311
0 0.990012 0.854856 0.019977 0.031311
0 0.992708 0.851400 0.014583 0.031311
0 0.993047 0.853354 0.013906 0.031311
0 0.992130 0.853704 0.015741 0.031311
0 0.989739 0.854831 0.020523 0.031311
0 0.993571 0.849610 0.012858 0.031311
0 0.992905 0.849247 0.014190 0.031311
0 0.988232 0.834809 0.023536 0.031311
0 0.988669 0.833932 0.022663 0.031311
0 0.990361 0.831653 0.019278 0.031311
0 0.985579 0.846166 0.028843 0.031311
0 0.986922 0.851563 0.026157 0.031311
0 0.994204 0.850662 0.011592 0.031311
0 0.994106 0.850849 0.011788 0.031311
0 0.994193 0.851188 0.011613 0.031311
0 0.995755 0.849860 0.008491 0.031311
0 0.997447 0.852377 0.005106 0.031311
0 0.998593 0.850937 0.002813 0.031311
0 0.991223 0.842159 0.017553 0.031311
0 0.989979 0.838716 0.020042 0.031311
0 0.990667 0.837501 0.018667 0.031311
0 0.984257 0.836024 0.031485 0.031311
0 0.985710 0.839404 0.028581 0.031311
0 0.992807 0.833983 0.014387 0.031311
0 0.989302 0.839029 0.021396 0.031311
0 0.989389 0.838603 0.021222 0.031311
0 0.989029 0.838966 0.021942 0.031311
0 0.990950 0.840168 0.018099 0.031311
0 0.990798 0.840782 0.018405 0.031311
0 0.990699 0.841884 0.018601 0.031311
0 0.991158 0.841658 0.017684 0.031311
0 0.990547 0.842297 0.018907 0.031311
0 0.994565 0.841095 0.010871 0.031311
0 0.994739 0.841508 0.010522 0.031311
0 0.998004 0.850086 0.003992 0.031311
0 0.995110 0.853667 0.009779 0.031311
0 0.995591 0.853128 0.008818 0.031311
0 0.995449 0.852628 0.009102 0.031311
0 0.986496 0.852139 0.027008 0.031311
0 0.986932 0.850449 0.026135 0.031311
0 0.985666 0.852102 0.028668 0.031311
0 0.985688 0.851651 0.028624 0.031311
0 0.984945 0.852427 0.030109 0.031311
0 0.984236 0.850248 0.031529 0.031311
0 0.986026 0.848996 0.027947 0.031311
0 0.989029 0.847594 0.021942 0.031311
0 0.989782 0.848157 0.020436 0.031311
0 0.989477 0.846429 0.021047 0.031311
0 0.986223 0.846517 0.027554 0.031311
0 0.985611 0.846554 0.028777 0.031311
0 0.985327 0.846016 0.029345 0.031311
0 0.983024 0.846742 0.033953 0.031311
0 0.985950 0.845277 0.028100 0.031311
0 0.985600 0.844801 0.028799 0.031311
0 0.986747 0.844576 0.026506 0.031311
0 0.988035 0.844038 0.023929 0.031311
0 0.990874 0.843562 0.018252 0.031311
0 0.990503 0.843437 0.018994 0.031311
0 0.987511 0.840556 0.024978 0.031311
0 0.982904 0.840469 0.034193 0.031311
0 0.986507 0.837276 0.026987 0.031311
0 0.990732 0.839041 0.018536 0.031311
0 0.990459 0.837476 0.019082 0.031311
0 0.987926 0.835385 0.024148 0.031311
0 0.997698 0.852027 0.004604 0.031311
0 0.997840 0.851789 0.004320 0.031311
0 0.996748 0.851814 0.006504 0.031311
0 0.995427 0.852089 0.009146 0.031311
0 0.991092 0.853730 0.017815 0.031311
0 0.991289 0.852978 0.017422 0.031311
0 0.994237 0.852139 0.011526 0.031311
0 0.993178 0.849297 0.013644 0.031311
0 0.993767 0.849071 0.012465 0.031311
0 0.984661 0.850549 0.030677 0.031311
0 0.984356 0.850875 0.031288 0.031311
0 0.984520 0.850299 0.030961 0.031311
0 0.982969 0.848245 0.034062 0.031311
0 0.984039 0.843837 0.031922 0.031311
0 0.989051 0.839930 0.021899 0.031311
0 0.988898 0.839229 0.022204 0.031311
0 0.990492 0.839254 0.019016 0.031311
0 0.990721 0.838515 0.018558 0.031311
0 0.985327 0.839680 0.029345 0.031311
0 0.983974 0.835848 0.032053 0.031311
0 0.984116 0.835410 0.031769 0.031311
0 0.990514 0.832292 0.018972 0.031311
0 0.991606 0.832029 0.016789 0.031311
0 0.997990 0.848502 0.004021 0.031311
0 0.997304 0.848447 0.005391 0.031311
0 0.997517 0.847221 0.004967 0.031311
0 0.995327 0.840417 0.009346 0.031311
0 0.993642 0.838406 0.012716 0.031311
0 0.989361 0.844349 0.021278 0.031311
0 0.952705 0.990016 0.054237 0.019969
0 0.949583 0.989579 0.054237 0.020841
0 0.951519 0.989359 0.054237 0.021283
0 0.954127 0.987387 0.054237 0.025226
0 0.954463 0.986554 0.054237 0.026891
0 0.952724 0.986707 0.054237 0.026585
0 0.934093 0.988497 0.054237 0.023005
0 0.939111 0.986033 0.054237 0.027933
0 0.932552 0.986424 0.054237 0.027152
0 0.934330 0.982941 0.054237 0.031311
0 0.950828 0.981695 0.054237 0.031311
0 0.951618 0.981502 0.054237 0.031311
0 0.945394 0.980482 0.054237 0.031311
0 0.940415 0.978942 0.054237 0.031311
0 0.949682 0.974761 0.054237 0.031311
0 0.947726 0.972121 0.054237 0.031311
0 0.954819 0.972676 0.054237 0.031311
0 0.958099 0.971521 0.054237 0.031311
0 0.966456 0.979372 0.054237 0.031311
0 0.970052 0.978058 0.054237 0.031311
0 0.973630 0.979372 0.052740 0.031311
0 0.976614 0.975939 0.046773 0.031311
0 0.973857 0.981865 0.052285 0.031311
0 0.974134 0.982578 0.051732 0.031311
0 0.973156 0.984301 0.053688 0.031311
0 0.979795 0.986492 0.040411 0.027016
0 0.978036 0.986945 0.043928 0.026109
0 0.980526 0.989206 0.038949 0.021589
0 0.968017 0.990474 0.054237 0.019051
0 0.971415 0.988412 0.054237 0.023175
0 0.971119 0.988560 0.054237 0.022880
0 0.974095 0.987670 0.051811 0.024659
0 0.972028 0.986792 0.054237 0.026415
0 0.975952 0.986673 0.048097 0.026653
0 0.967325 0.984787 0.054237 0.030426
0 0.964105 0.985031 0.054237 0.029939
0 0.964737 0.984855 0.054237 0.030290
0 0.962011 0.986764 0.054237 0.026472
0 0.962485 0.988582 0.054237 0.022835
0 0.962366 0.988180 0.054237 0.023640
0 0.958178 0.987784 0.054237 0.024433
0 0.958711 0.989596 0.054237 0.020807
0 0.958553 0.989715 0.054237 0.020569
0 0.957051 0.989483 0.054237 0.021034
0 0.949603 0.986118 0.054237 0.027764
0 0.962939 0.990418 0.054237 0.019164
0 0.970625 0.990021 0.054237 0.019957
0 0.970309 0.990123 0.054237 0.019753
0 0.974359 0.990818 0.051282 0.018364
0 0.976296 0.990514 0.047408 0.018972
0 0.976861 0.990536 0.046279 0.018928
0 0.976057 0.990138 0.047887 0.019724
0 0.978004 0.990624 0.043991 0.018752
0 0.978009 0.990240 0.043982 0.019521
0 0.977918 0.990102 0.044163 0.019795
0 0.978023 0.988136 0.043954 0.023727
0 0.976202 0.988922 0.047597 0.022156
0 0.978299 0.989193 0.043402 0.021614
0 0.980136 0.987540 0.039728 0.024921
0 0.979679 0.987463 0.040641 0.025073
0 0.975878 0.986529 0.048245 0.026942
0 0.976340 0.987013 0.047321 0.025974
0 0.975161 0.985841 0.049678 0.028319
0 0.978490 0.985835 0.043020 0.028331
0 0.978623 0.985189 0.042755 0.029622
0 0.979971 0.984818 0.040057 0.030365
0 0.979929 0.985055 0.040142 0.029889
0 0.981028 0.985232 0.037944 0.029536
0 0.979281 0.982563 0.041438 0.031311
0 0.972025 0.983708 0.054237 0.031311
0 0.970772 0.984422 0.054237 0.031156
0 0.965962 0.984717 0.054237 0.030565
0 0.965102 0.985052 0.054237 0.029896
0 0.965802 0.985180 0.054237 0.029640
0 0.968064 0.984626 0.054237 0.030748
0 0.968808 0.983671 0.054237 0.031311
0 0.968478 0.983428 0.054237 0.031311
0 0.967947 0.984232 0.054237 0.031311
0 0.967034 0.984274 0.054237 0.031311
0 0.966949 0.984006 0.054237 0.031311
0 0.967459 0.983951 0.054237 0.031311
0 0.968712 0.982989 0.054237 0.031311
0 0.969498 0.982929 0.054237 0.031311
0 0.967385 0.983123 0.054237 0.031311
0 0.968085 0.982582 0.054237 0.031311
0 0.968797 0.982636 0.054237 0.031311
0 0.970751 0.981370 0.054237 0.031311
0 0.970475 0.981565 0.054237 0.031311
0 0.970921 0.981735 0.054237 0.031311
0 0.970645 0.981875 0.054237 0.031311
0 0.970188 0.981979 0.054237 0.031311
0 0.967746 0.980651 0.054237 0.031311
0 0.968085 0.981065 0.054237 0.031311
0 0.967576 0.981345 0.054237 0.031311
0 0.967905 0.981540 0.054237 0.031311
0 0.966970 0.981443 0.054237 0.031311
0 0.967300 0.981766 0.054237 0.031311
0 0.967066 0.982161 0.054237 0.031311
0 0.967395 0.982374 0.054237 0.031311
0 0.967459 0.982734 0.054237 0.031311
0 0.966291 0.980280 0.054237 0.031311
0 0.966811 0.980304 0.054237 0.031311
0 0.968000 0.980420 0.054237 0.031311
0 0.970560 0.980962 0.054237 0.031311
0 0.973892 0.981010 0.052216 0.031311
0 0.976759 0.980749 0.046482 0.031311
0 0.977099 0.981084 0.045802 0.031311
0 0.976308 0.981918 0.047384 0.031311
0 0.973271 0.976730 0.053458 0.031311
0 0.972899 0.976992 0.054202 0.031311
0 0.971409 0.977576 0.054237 0.031311
0 0.970517 0.977893 0.054237 0.031311
0 0.969009 0.977802 0.054237 0.031311
0 0.969381 0.977777 0.054237 0.031311
0 0.969891 0.977698 0.054237 0.031311
0 0.968415 0.978069 0.054237 0.031311
0 0.967969 0.977850 0.054237 0.031311
0 0.968054 0.978727 0.054237 0.031311
0 0.967119 0.978569 0.054237 0.031311
0 0.966875 0.978898 0.054237 0.031311
0 0.965962 0.979123 0.054237 0.031311
0 0.968988 0.979385 0.054237 0.031311
0 0.966057 0.978898 0.054237 0.031311
0 0.966620 0.978745 0.054237 0.031311
0 0.964932 0.978410 0.054237 0.031311
0 0.964963 0.976888 0.054237 0.031311
0 0.965271 0.977247 0.054237 0.031311
0 0.976228 0.975841 0.047544 0.031311
0 0.973324 0.974118 0.053352 0.031311
0 0.972963 0.974044 0.054074 0.031311
0 0.966535 0.975597 0.054237 0.031311
0 0.965855 0.975871 0.054237 0.031311
0 0.964220 0.975719 0.054237 0.031311
0 0.963965 0.975323 0.054237 0.031311
0 0.964284 0.975092 0.054237 0.031311
0 0.962139 0.975201 0.054237 0.031311
0 0.962574 0.971840 0.054237 0.031311
0 0.960387 0.970738 0.054237 0.031311
0 0.945489 0.969520 0.054237 0.031311
0 0.945234 0.967791 0.054237 0.031311
0 0.942664 0.970446 0.054237 0.031311
0 0.950618 0.976657 0.054237 0.031311
0 0.943577 0.977777 0.054237 0.031311
0 0.939245 0.978252 0.054237 0.031311
0 0.939616 0.978313 0.054237 0.031311
0 0.945775 0.979129 0.054237 0.031311
0 0.944342 0.980176 0.054237 0.031311
0 0.943896 0.980268 0.054237 0.031311
0 0.944257 0.980481 0.054237 0.031311
0 0.936558 0.979604 0.054237 0.031311
0 0.938321 0.981169 0.054237 0.031311
0 0.939988 0.982490 0.054237 0.031311
0 0.938257 0.982040 0.054237 0.031311
0 0.944660 0.981217 0.054237 0.031311
0 0.951308 0.982813 0.054237 0.031311
0 0.951966 0.983385 0.054237 0.031311
0 0.951605 0.983708 0.054237 0.031311
0 0.952932 0.984043 0.054237 0.031311
0 0.953835 0.984256 0.054237 0.031311
0 0.953559 0.983343 0.054237 0.031311
0 0.952062 0.982551 0.054237 0.031311
0 0.954047 0.982502 0.054237 0.031311
0 0.951743 0.982271 0.054237 0.031311
0 0.951000 0.982052 0.054237 0.031311
0 0.950724 0.982326 0.054237 0.031311
0 0.951722 0.982898 0.054237 0.031311
0 0.950766 0.982758 0.054237 0.031311
0 0.952062 0.981991 0.054237 0.031311
0 0.951191 0.981595 0.054237 0.031311
0 0.950320 0.981492 0.054237 0.031311
0 0.950479 0.981138 0.054237 0.031311
0 0.951509 0.980621 0.054237 0.031311
0 0.950787 0.981351 0.054237 0.031311
0 0.951573 0.981211 0.054237 0.031311
0 0.949980 0.980371 0.054237 0.031311
0 0.947888 0.984213 0.054237 0.031311
0 0.940891 0.983306 0.054237 0.031311
0 0.933639 0.986768 0.054237 0.026465
0 0.936041 0.986454 0.054237 0.027091
0 0.938208 0.987358 0.054237 0.025285
0 0.939191 0.988270 0.054237 0.023460
0 0.944275 0.987841 0.054237 0.024319
0 0.945069 0.988397 0.054237 0.023206
0 0.950649 0.987974 0.054237 0.024053
0 0.946284 0.988598 0.054237 0.022804
0 0.948100 0.987309 0.054237 0.025382
0 0.947356 0.989404 0.054237 0.021192
0 0.947192 0.989633 0.054237 0.020734
0 0.945901 0.987726 0.054237 0.024548
0 0.945111 0.987913 0.054237 0.024174
0 0.952864 0.987974 0.054237 0.024052
0 0.954077 0.980679 0.054237 0.031311
0 0.953284 0.980050 0.054237 0.031311
0 0.957990 0.980708 0.054237 0.031311
0 0.958327 0.981443 0.054237 0.031311
0 0.956978 0.979296 0.054237 0.031311
0 0.953571 0.980456 0.054237 0.031311
0 0.950046 0.983425 0.054237 0.031311
0 0.950063 0.982768 0.054237 0.031311
0 0.961953 0.984958 0.054237 0.030083
0 0.958698 0.984842 0.054237 0.030315
0 0.958901 0.984958 0.054237 0.030083
0 0.957669 0.985239 0.054237 0.029522
0 0.959255 0.985229 0.054237 0.029542
0 0.959575 0.985577 0.054237 0.028845
0 0.958563 0.985345 0.054237 0.029310
0 0.960199 0.984721 0.054237 0.030557
0 0.963555 0.984920 0.054237 0.030161
0 0.961295 0.985055 0.054237 0.029890
0 0.962476 0.985340 0.054237 0.029319
0 0.960418 0.984949 0.054237 0.030103
0 0.961110 0.985413 0.054237 0.029174
0 0.958091 0.985413 0.054237 0.029174
0 0.967333 0.985036 0.054237 0.029929
0 0.967434 0.985930 0.054237 0.028139
0 0.970622 0.986119 0.054237 0.027762
0 0.965933 0.987275 0.054237 0.025451
0 0.969593 0.988411 0.054237 0.023178
0 0.973379 0.988111 0.053242 0.023778
0 0.975352 0.988010 0.049295 0.023981
0 0.974475 0.989344 0.051049 0.021312
0 0.961599 0.990737 0.054237 0.018526
0 0.960958 0.990916 0.054237 0.018169
0 0.962358 0.990621 0.054237 0.018759
0 0.958614 0.990974 0.054237 0.018053
0 0.958715 0.990838 0.054237 0.018323
0 0.980159 0.989426 0.039682 0.021147
0 0.979923 0.989557 0.040154 0.020886
0 0.979535 0.989721 0.040930 0.020557
0 0.978919 0.987531 0.042161 0.024938
0 0.960773 0.978919 0.054237 0.031311
0 0.962695 0.972410 0.054237 0.031311
0 0.961144 0.972304 0.054237 0.031311
0 0.961262 0.972507 0.054237 0.031311
0 0.960908 0.972729 0.054237 0.031311
0 0.964989 0.975882 0.054237 0.031311
0 0.965124 0.975611 0.054237 0.031311
0 0.962768 0.975762 0.054237 0.031311
0 0.962768 0.976102 0.054237 0.031311
0 0.964233 0.977536 0.054237 0.031311
0 0.933684 0.983089 0.054237 0.031311
0 0.931340 0.985089 0.054237 0.029821
0 0.932801 0.984603 0.054237 0.030795
0 0.927893 0.983245 0.054237 0.031311
0 0.936786 0.988158 0.054237 0.023685
0 0.948108 0.989573 0.054237 0.020854
0 0.957998 0.988273 0.054237 0.023453
0 0.961979 0.988289 0.054237 0.023422
0 0.963924 0.987374 0.054237 0.025252
0 0.960530 0.986948 0.054237 0.026105
0 0.980275 0.988889 0.039451 0.022222
0 0.980238 0.989063 0.039524 0.021875
0 0.977660 0.985480 0.044680 0.029040
0 0.977495 0.985454 0.045010 0.029093
0 0.977449 0.985748 0.045102 0.028504
0 0.977403 0.984554 0.045194 0.030892
0 0.973651 0.983680 0.052699 0.031311
0 0.972769 0.983869 0.054237 0.031311
0 0.973596 0.979019 0.052809 0.031311
0 0.969099 0.982501 0.054237 0.031311
0 0.970714 0.982649 0.054237 0.031311
0 0.968035 0.981333 0.054237 0.031311
0 0.968365 0.980776 0.054237 0.031311
0 0.969704 0.980471 0.054237 0.031311
0 0.968732 0.981333 0.054237 0.031311
0 0.972518 0.984562 0.054237 0.030876
0 0.953773 0.983026 0.054237 0.031311
0 0.952682 0.982826 0.054237 0.031311
0 0.953546 0.983793 0.054237 0.031311
0 0.952415 0.984017 0.054237 0.031311
0 0.945873 0.980242 0.054237 0.031311
0 0.944886 0.980537 0.054237 0.031311
0 0.944680 0.980832 0.054237 0.031311
0 0.975366 0.984634 0.049268 0.030733
0 0.988113 0.843535 0.023775 0.031311
0 0.987910 0.843097 0.024179 0.031311
0 0.987608 0.840170 0.024784 0.031311
0 0.987449 0.839854 0.025102 0.031311
0 0.987870 0.841588 0.024260 0.031311
0 0.989976 0.838239 0.020049 0.031311
0 0.992112 0.838188 0.015775 0.031311
0 0.983560 0.845303 0.032879 0.031311
0 0.997500 0.848561 0.005001 0.031311
0 0.996635 0.847726 0.006731 0.031311
0 0.994199 0.837286 0.011603 0.031311
0 0.993564 0.837137 0.012871 0.031311
0 0.990602 0.833501 0.018796 0.031311
0 0.990631 0.832153 0.018738 0.031311
0 0.989240 0.830988 0.021520 0.031311
0 0.987777 0.833385 0.024446 0.031311
0 0.984339 0.836418 0.031322 0.031311
0 0.949713 0.976571 0.054237 0.031311
0 0.988145 0.842604 0.023710 0.031311