0 0.917558 0.975936 0.063745 0.028169
0 0.921580 0.977178 0.063745 0.028169
0 0.938749 0.977311 0.063745 0.028169
0 0.944859 0.976867 0.063745 0.028169
0 0.967519 0.972743 0.063745 0.028169
0 0.973663 0.969771 0.052675 0.028169
0 0.980468 0.962409 0.039063 0.028169
0 0.980352 0.956378 0.039295 0.028169
0 0.974243 0.950081 0.051515 0.028169
0 0.970066 0.948129 0.059867 0.028169
0 0.964580 0.945069 0.063745 0.028169
0 0.960095 0.944005 0.063745 0.028169
0 0.951355 0.945513 0.063745 0.028169
0 0.932949 0.946577 0.063745 0.028169
0 0.926220 0.947641 0.063745 0.028169
0 0.921270 0.951855 0.063745 0.028169
0 0.919182 0.959128 0.063745 0.028169
0 0.916862 0.964760 0.063745 0.028169
0 0.938451 0.976690 0.063745 0.028169
0 0.938668 0.976304 0.063745 0.028169
0 0.941108 0.976776 0.063745 0.028169
0 0.940509 0.974510 0.063745 0.028169
0 0.936714 0.974016 0.063745 0.028169
0 0.948279 0.976154 0.063745 0.028169
0 0.944581 0.971660 0.063745 0.028169
0 0.945180 0.972432 0.063745 0.028169
0 0.946887 0.972029 0.063745 0.028169
0 0.936285 0.972640 0.063745 0.028169
0 0.936478 0.972395 0.063745 0.028169
0 0.936306 0.972095 0.063745 0.028169
0 0.952930 0.970646 0.063745 0.028169
0 0.953782 0.970616 0.063745 0.028169
0 0.953694 0.970334 0.063745 0.028169
0 0.953765 0.969579 0.063745 0.028169
0 0.956061 0.970190 0.063745 0.028169
0 0.957501 0.968370 0.063745 0.028169
0 0.957040 0.968345 0.063745 0.028169
0 0.960075 0.969079 0.063745 0.028169
0 0.957649 0.972775 0.063745 0.028169
0 0.963232 0.972491 0.063745 0.028169
0 0.965274 0.972135 0.063745 0.028169
0 0.965153 0.971640 0.063745 0.028169
0 0.963998 0.969873 0.063745 0.028169
0 0.966870 0.969555 0.063745 0.028169
0 0.965071 0.969222 0.063745 0.028169
0 0.963601 0.967346 0.063745 0.028169
0 0.970590 0.965674 0.058819 0.028169
0 0.969565 0.964536 0.060870 0.028169
0 0.972156 0.959621 0.055689 0.028169
0 0.972606 0.961334 0.054788 0.028169
0 0.977082 0.961327 0.045837 0.028169
0 0.962354 0.965113 0.063745 0.028169
0 0.954778 0.960131 0.063745 0.028169
0 0.958090 0.959523 0.063745 0.028169
0 0.958857 0.959699 0.063745 0.028169
0 0.959639 0.958781 0.063745 0.028169
0 0.971535 0.957572 0.056930 0.028169
0 0.971121 0.956697 0.057758 0.028169
0 0.971904 0.957192 0.056191 0.028169
0 0.970897 0.955985 0.058206 0.028169
0 0.973412 0.956741 0.053175 0.028169
0 0.973367 0.956539 0.053265 0.028169
0 0.974430 0.956349 0.051139 0.028169
0 0.974530 0.956155 0.050939 0.028169
0 0.975603 0.955942 0.048793 0.028169
0 0.973637 0.957046 0.052727 0.028169
0 0.974075 0.956614 0.051850 0.028169
0 0.973550 0.956440 0.052899 0.028169
0 0.971256 0.956875 0.057489 0.028169
0 0.973105 0.954869 0.053790 0.028169
0 0.973321 0.953748 0.053358 0.028169
0 0.973358 0.953909 0.053285 0.028169
0 0.972336 0.953490 0.055328 0.028169
0 0.971696 0.953951 0.056607 0.028169
0 0.971391 0.952982 0.057218 0.028169
0 0.971391 0.952748 0.057218 0.028169
0 0.972150 0.952627 0.055700 0.028169
0 0.972432 0.952542 0.055136 0.028169
0 0.971757 0.951931 0.056487 0.028169
0 0.972571 0.951963 0.054858 0.028169
0 0.973035 0.951497 0.053930 0.028169
0 0.972771 0.952282 0.054458 0.028169
0 0.972764 0.952861 0.054472 0.028169
0 0.970780 0.951092 0.058440 0.028169
0 0.973928 0.950769 0.052144 0.028169
0 0.973404 0.951001 0.053192 0.028169
0 0.972454 0.950428 0.055093 0.028169
0 0.971424 0.950238 0.057153 0.028169
0 0.971923 0.949573 0.056154 0.028169
0 0.971552 0.949035 0.056895 0.028169
0 0.965621 0.946731 0.063745 0.028169
0 0.964957 0.947729 0.063745 0.028169
0 0.963273 0.948296 0.063745 0.028169
0 0.961312 0.950182 0.063745 0.028169
0 0.962339 0.946854 0.063745 0.028169
0 0.943190 0.953323 0.063745 0.028169
0 0.941561 0.955395 0.063745 0.028169
0 0.937704 0.955549 0.063745 0.028169
0 0.934277 0.958587 0.063745 0.028169
0 0.936323 0.957987 0.063745 0.028169
0 0.933130 0.957514 0.063745 0.028169
0 0.932467 0.956127 0.063745 0.028169
0 0.931732 0.958675 0.063745 0.028169
0 0.932857 0.958992 0.063745 0.028169
0 0.928392 0.959220 0.063745 0.028169
0 0.926839 0.956613 0.063745 0.028169
0 0.932162 0.953957 0.063745 0.028169
0 0.931050 0.953821 0.063745 0.028169
0 0.931589 0.953837 0.063745 0.028169
0 0.945804 0.958621 0.063745 0.028169
0 0.943627 0.958674 0.063745 0.028169
0 0.945514 0.963214 0.063745 0.028169
0 0.947403 0.963457 0.063745 0.028169
0 0.947759 0.963568 0.063745 0.028169
0 0.948581 0.963515 0.063745 0.028169
0 0.948757 0.963739 0.063745 0.028169
0 0.949321 0.963493 0.063745 0.028169
0 0.948732 0.964724 0.063745 0.028169
0 0.948596 0.964478 0.063745 0.028169
0 0.949643 0.964398 0.063745 0.028169
0 0.949954 0.963895 0.063745 0.028169
0 0.950422 0.963574 0.063745 0.028169
0 0.951391 0.965657 0.063745 0.028169
0 0.953734 0.967363 0.063745 0.028169
0 0.952715 0.967461 0.063745 0.028169
0 0.949637 0.968183 0.063745 0.028169
0 0.941980 0.968773 0.063745 0.028169
0 0.943500 0.968702 0.063745 0.028169
0 0.939866 0.965110 0.063745 0.028169
0 0.941745 0.965487 0.063745 0.028169
0 0.937238 0.962840 0.063745 0.028169
0 0.935958 0.962894 0.063745 0.028169
0 0.933771 0.963105 0.063745 0.028169
0 0.935361 0.963164 0.063745 0.028169
0 0.931171 0.961485 0.063745 0.028169
0 0.931898 0.961410 0.063745 0.028169
0 0.927092 0.962974 0.063745 0.028169
0 0.930162 0.964366 0.063745 0.028169
0 0.930125 0.964760 0.063745 0.028169
0 0.931096 0.964803 0.063745 0.028169
0 0.933565 0.965683 0.063745 0.028169
0 0.931198 0.965286 0.063745 0.028169
0 0.927784 0.964249 0.063745 0.028169
0 0.924141 0.961412 0.063745 0.028169
0 0.921370 0.962491 0.063745 0.028169
0 0.919707 0.964710 0.063745 0.028169
0 0.935023 0.968152 0.063745 0.028169
0 0.921937 0.975147 0.063745 0.028169
0 0.923965 0.975056 0.063745 0.028169
0 0.924422 0.974030 0.063745 0.028169
0 0.936567 0.977229 0.063745 0.028169
0 0.936393 0.976637 0.063745 0.028169
0 0.935763 0.974924 0.063745 0.028169
0 0.936460 0.974296 0.063745 0.028169
0 0.939236 0.975131 0.063745 0.028169
0 0.941123 0.975095 0.063745 0.028169
0 0.936826 0.973241 0.063745 0.028169
0 0.936394 0.972972 0.063745 0.028169
0 0.937046 0.972451 0.063745 0.028169
0 0.935412 0.971198 0.063745 0.028169
0 0.934746 0.968880 0.063745 0.028169
0 0.934856 0.968565 0.063745 0.028169
0 0.933232 0.967746 0.063745 0.028169
0 0.932886 0.966957 0.063745 0.028169
0 0.933269 0.966822 0.063745 0.028169
0 0.930771 0.965369 0.063745 0.028169
0 0.929893 0.965259 0.063745 0.028169
0 0.931586 0.964986 0.063745 0.028169
0 0.930982 0.964456 0.063745 0.028169
0 0.931412 0.964435 0.063745 0.028169
0 0.926303 0.964696 0.063745 0.028169
0 0.929491 0.964533 0.063745 0.028169
0 0.924934 0.963453 0.063745 0.028169
0 0.925430 0.963695 0.063745 0.028169
0 0.928352 0.963658 0.063745 0.028169
0 0.927029 0.964090 0.063745 0.028169
0 0.928242 0.962942 0.063745 0.028169
0 0.928710 0.963036 0.063745 0.028169
0 0.926009 0.962805 0.063745 0.028169
0 0.926321 0.962673 0.063745 0.028169
0 0.917278 0.964255 0.063745 0.028169
0 0.919154 0.964265 0.063745 0.028169
0 0.921908 0.964129 0.063745 0.028169
0 0.921368 0.964097 0.063745 0.028169
0 0.921011 0.962812 0.063745 0.028169
0 0.920515 0.961870 0.063745 0.028169
0 0.921168 0.961664 0.063745 0.028169
0 0.921250 0.961211 0.063745 0.028169
0 0.922739 0.962502 0.063745 0.028169
0 0.929331 0.962206 0.063745 0.028169
0 0.932186 0.962332 0.063745 0.028169
0 0.932260 0.962579 0.063745 0.028169
0 0.933092 0.961970 0.063745 0.028169
0 0.935728 0.962045 0.063745 0.028169
0 0.937152 0.961850 0.063745 0.028169
0 0.937042 0.961128 0.063745 0.028169
0 0.934231 0.961639 0.063745 0.028169
0 0.934479 0.960291 0.063745 0.028169
0 0.929828 0.961051 0.063745 0.028169
0 0.929783 0.960091 0.063745 0.028169
0 0.930634 0.960300 0.063745 0.028169
0 0.937405 0.960526 0.063745 0.028169
0 0.937103 0.960405 0.063745 0.028169
0 0.932484 0.959057 0.063745 0.028169
0 0.932301 0.959198 0.063745 0.028169
0 0.933433 0.959497 0.063745 0.028169
0 0.933680 0.959769 0.063745 0.028169
0 0.935167 0.959319 0.063745 0.028169
0 0.937010 0.958636 0.063745 0.028169
0 0.936681 0.958327 0.063745 0.028169
0 0.926976 0.957248 0.063745 0.028169
0 0.927812 0.957826 0.063745 0.028169
0 0.927694 0.957576 0.063745 0.028169
0 0.927885 0.957070 0.063745 0.028169
0 0.929321 0.957263 0.063745 0.028169
0 0.927029 0.956070 0.063745 0.028169
0 0.926956 0.955792 0.063745 0.028169
0 0.927634 0.956575 0.063745 0.028169
0 0.930116 0.955881 0.063745 0.028169
0 0.930794 0.956407 0.063745 0.028169
0 0.931216 0.956611 0.063745 0.028169
0 0.932315 0.957026 0.063745 0.028169
0 0.934760 0.956160 0.063745 0.028169
0 0.935286 0.956241 0.063745 0.028169
0 0.937433 0.955926 0.063745 0.028169
0 0.937599 0.954723 0.063745 0.028169
0 0.934627 0.956548 0.063745 0.028169
0 0.934089 0.954624 0.063745 0.028169
0 0.932895 0.954682 0.063745 0.028169
0 0.936239 0.953832 0.063745 0.028169
0 0.937259 0.953483 0.063745 0.028169
0 0.937723 0.953885 0.063745 0.028169
0 0.938887 0.953065 0.063745 0.028169
0 0.929076 0.954947 0.063745 0.028169
0 0.930681 0.954351 0.063745 0.028169
0 0.931146 0.954048 0.063745 0.028169
0 0.928077 0.954033 0.063745 0.028169
0 0.928645 0.953052 0.063745 0.028169
0 0.922433 0.951487 0.063745 0.028169
0 0.922907 0.952130 0.063745 0.028169
0 0.927705 0.948075 0.063745 0.028169
0 0.928962 0.949642 0.063745 0.028169
0 0.929292 0.949890 0.063745 0.028169
0 0.929439 0.949674 0.063745 0.028169
0 0.929274 0.948822 0.063745 0.028169
0 0.929961 0.948706 0.063745 0.028169
0 0.933677 0.950397 0.063745 0.028169
0 0.933677 0.949839 0.063745 0.028169
0 0.933976 0.949444 0.063745 0.028169
0 0.939090 0.948334 0.063745 0.028169
0 0.944829 0.975640 0.063745 0.028169
0 0.947182 0.974876 0.063745 0.028169
0 0.946233 0.976341 0.063745 0.028169
0 0.946479 0.974800 0.063745 0.028169
0 0.947718 0.973944 0.063745 0.028169
0 0.946971 0.973980 0.063745 0.028169
0 0.945678 0.973912 0.063745 0.028169
0 0.944566 0.974304 0.063745 0.028169
0 0.939494 0.971728 0.063745 0.028169
0 0.941784 0.972584 0.063745 0.028169
0 0.942232 0.972962 0.063745 0.028169
0 0.941390 0.972264 0.063745 0.028169
0 0.943148 0.972195 0.063745 0.028169
0 0.943643 0.972589 0.063745 0.028169
0 0.943991 0.971838 0.063745 0.028169
0 0.946628 0.971513 0.063745 0.028169
0 0.947718 0.972295 0.063745 0.028169
0 0.948001 0.972101 0.063745 0.028169
0 0.950840 0.971368 0.063745 0.028169
0 0.951991 0.971593 0.063745 0.028169
0 0.957369 0.973519 0.063745 0.028169
0 0.955305 0.973101 0.063745 0.028169
0 0.954977 0.972834 0.063745 0.028169
0 0.957606 0.972163 0.063745 0.028169
0 0.957999 0.971724 0.063745 0.028169
0 0.957186 0.971404 0.063745 0.028169
0 0.959296 0.971645 0.063745 0.028169
0 0.960378 0.972241 0.063745 0.028169
0 0.962731 0.971910 0.063745 0.028169
0 0.968404 0.971995 0.063193 0.028169
0 0.966319 0.972215 0.063745 0.028169
0 0.966538 0.971087 0.063745 0.028169
0 0.967298 0.970961 0.063745 0.028169
0 0.965843 0.970793 0.063745 0.028169
0 0.955287 0.969112 0.063745 0.028169
0 0.957519 0.968960 0.063745 0.028169
0 0.963532 0.969550 0.063745 0.028169
0 0.961673 0.969138 0.063745 0.028169
0 0.961719 0.969582 0.063745 0.028169
0 0.958461 0.968462 0.063745 0.028169
0 0.958799 0.968320 0.063745 0.028169
0 0.960070 0.968572 0.063745 0.028169
0 0.961935 0.968719 0.063745 0.028169
0 0.964550 0.968446 0.063745 0.028169
0 0.964102 0.967392 0.063745 0.028169
0 0.963225 0.967628 0.063745 0.028169
0 0.961890 0.967722 0.063745 0.028169
0 0.962450 0.966998 0.063745 0.028169
0 0.962413 0.966593 0.063745 0.028169
0 0.962275 0.966229 0.063745 0.028169
0 0.961633 0.966019 0.063745 0.028169
0 0.963597 0.966103 0.063745 0.028169
0 0.962991 0.965613 0.063745 0.028169
0 0.964019 0.965719 0.063745 0.028169
0 0.965121 0.966145 0.063745 0.028169
0 0.971263 0.970696 0.057474 0.028169
0 0.966371 0.969238 0.063745 0.028169
0 0.966042 0.969159 0.063745 0.028169
0 0.967732 0.968829 0.063745 0.028169
0 0.968124 0.968363 0.063745 0.028169
0 0.968593 0.967590 0.062814 0.028169
0 0.968366 0.967568 0.063268 0.028169
0 0.968714 0.966707 0.062572 0.028169
0 0.969080 0.966870 0.061839 0.028169
0 0.965339 0.965720 0.063745 0.028169
0 0.965874 0.965704 0.063745 0.028169
0 0.966992 0.965556 0.063745 0.028169
0 0.967661 0.964926 0.063745 0.028169
0 0.967776 0.965074 0.063745 0.028169
0 0.968749 0.966049 0.062501 0.028169
0 0.968582 0.965419 0.062836 0.028169
0 0.968902 0.965216 0.062195 0.028169
0 0.969213 0.965748 0.061574 0.028169
0 0.970450 0.965835 0.059100 0.028169
0 0.970517 0.966181 0.058966 0.028169
0 0.970856 0.966060 0.058288 0.028169
0 0.968367 0.964243 0.063267 0.028169
0 0.970106 0.963398 0.059788 0.028169
0 0.974618 0.965639 0.050764 0.028169
0 0.975031 0.965623 0.049938 0.028169
0 0.975770 0.964261 0.048461 0.028169
0 0.976091 0.963918 0.047817 0.028169
0 0.975903 0.963302 0.048194 0.028169
0 0.975347 0.963281 0.049306 0.028169
0 0.975990 0.962727 0.048020 0.028169
0 0.976128 0.962406 0.047744 0.028169
0 0.976546 0.962401 0.046908 0.028169
0 0.976496 0.962696 0.047009 0.028169
0 0.976523 0.962906 0.046953 0.028169
0 0.976583 0.961752 0.046834 0.028169
0 0.976574 0.961494 0.046852 0.028169
0 0.975287 0.961963 0.049426 0.028169
0 0.975260 0.961779 0.049481 0.028169
0 0.978035 0.962005 0.043930 0.028169
0 0.978511 0.961518 0.042979 0.028169
0 0.979157 0.962301 0.041687 0.028169
0 0.976628 0.960893 0.046744 0.028169
0 0.978018 0.960399 0.043964 0.028169
0 0.978334 0.960154 0.043333 0.028169
0 0.979070 0.960248 0.041859 0.028169
0 0.979148 0.960691 0.041705 0.028169
0 0.976946 0.960071 0.046108 0.028169
0 0.977328 0.959761 0.045344 0.028169
0 0.979443 0.959533 0.041113 0.028169
0 0.977556 0.959319 0.044889 0.028169
0 0.978984 0.958996 0.042032 0.028169
0 0.977775 0.958706 0.044450 0.028169
0 0.978077 0.958585 0.043846 0.028169
0 0.979948 0.958979 0.040105 0.028169
0 0.979824 0.958853 0.040352 0.028169
0 0.978639 0.958013 0.042721 0.028169
0 0.978955 0.957284 0.042090 0.028169
0 0.979463 0.956817 0.041074 0.028169
0 0.980204 0.958428 0.039592 0.028169
0 0.980153 0.958281 0.039693 0.028169
0 0.971424 0.961709 0.057152 0.028169
0 0.971234 0.961928 0.057533 0.028169
0 0.971541 0.960671 0.056919 0.028169
0 0.971922 0.960610 0.056157 0.028169
0 0.972732 0.959991 0.054536 0.028169
0 0.973346 0.959047 0.053309 0.028169
0 0.973423 0.958865 0.053154 0.028169
0 0.973646 0.958166 0.052708 0.028169
0 0.971741 0.958573 0.056518 0.028169
0 0.971286 0.958573 0.057428 0.028169
0 0.971851 0.959316 0.056299 0.028169
0 0.971564 0.958032 0.056872 0.028169
0 0.972315 0.957891 0.055371 0.028169
0 0.972647 0.957996 0.054707 0.028169
0 0.974352 0.957918 0.051295 0.028169
0 0.974284 0.957531 0.051432 0.028169
0 0.974630 0.957192 0.050740 0.028169
0 0.974371 0.957109 0.051259 0.028169
0 0.974166 0.957041 0.051668 0.028169
0 0.972321 0.957253 0.055358 0.028169
0 0.972472 0.957054 0.055056 0.028169
0 0.971185 0.955362 0.057630 0.028169
0 0.971547 0.955315 0.056906 0.028169
0 0.971382 0.956287 0.057236 0.028169
0 0.971552 0.954403 0.056896 0.028169
0 0.971804 0.954408 0.056392 0.028169
0 0.973938 0.956225 0.052125 0.028169
0 0.975317 0.956198 0.049367 0.028169
0 0.975032 0.955360 0.049935 0.028169
0 0.975293 0.955231 0.049413 0.028169
0 0.971809 0.954758 0.056381 0.028169
0 0.973016 0.953658 0.053967 0.028169
0 0.971940 0.953590 0.056120 0.028169
0 0.972185 0.953424 0.055629 0.028169
0 0.972235 0.953283 0.055529 0.028169
0 0.972122 0.953611 0.055757 0.028169
0 0.972058 0.952981 0.055884 0.028169
0 0.972067 0.953991 0.055866 0.028169
0 0.972794 0.953512 0.054412 0.028169
0 0.973525 0.952445 0.052950 0.028169
0 0.974066 0.951877 0.051869 0.028169
0 0.976922 0.953923 0.046156 0.028169
0 0.977409 0.953426 0.045182 0.028169
0 0.973705 0.950012 0.052589 0.028169
0 0.972957 0.951176 0.054086 0.028169
0 0.972287 0.950807 0.055427 0.028169
0 0.972016 0.952134 0.055969 0.028169
0 0.971928 0.951576 0.056143 0.028169
0 0.971506 0.951671 0.056988 0.028169
0 0.971427 0.949947 0.057146 0.028169
0 0.971579 0.949396 0.056842 0.028169
0 0.968449 0.954712 0.063103 0.028169
0 0.957627 0.953831 0.063745 0.028169
0 0.958946 0.954049 0.063745 0.028169
0 0.956797 0.953541 0.063745 0.028169
0 0.956770 0.954002 0.063745 0.028169
0 0.957194 0.952879 0.063745 0.028169
0 0.957248 0.952578 0.063745 0.028169
0 0.962405 0.950379 0.063745 0.028169
0 0.960070 0.949759 0.063745 0.028169
0 0.959582 0.948983 0.063745 0.028169
0 0.958960 0.948642 0.063745 0.028169
0 0.959555 0.948411 0.063745 0.028169
0 0.960058 0.948673 0.063745 0.028169
0 0.961215 0.946160 0.063745 0.028169
0 0.961581 0.946396 0.063745 0.028169
0 0.962815 0.945379 0.063745 0.028169
0 0.964844 0.946935 0.063745 0.028169
0 0.965258 0.946613 0.063745 0.028169
0 0.965478 0.945754 0.063745 0.028169
0 0.966324 0.945844 0.063745 0.028169
0 0.961269 0.947377 0.063745 0.028169
0 0.966976 0.946160 0.063745 0.028169
0 0.968051 0.946550 0.063745 0.028169
0 0.964100 0.948112 0.063745 0.028169
0 0.956662 0.950821 0.063745 0.028169
0 0.954912 0.950513 0.063745 0.028169
0 0.952464 0.949212 0.063745 0.028169
0 0.950740 0.949654 0.063745 0.028169
0 0.945568 0.948968 0.063745 0.028169
0 0.953333 0.951137 0.063745 0.028169
0 0.953605 0.951444 0.063745 0.028169
0 0.954867 0.951715 0.063745 0.028169
0 0.957092 0.951470 0.063745 0.028169
0 0.956574 0.951303 0.063745 0.028169
0 0.957201 0.951887 0.063745 0.028169
0 0.956061 0.953217 0.063745 0.028169
0 0.956217 0.952635 0.063745 0.028169
0 0.955101 0.952211 0.063745 0.028169
0 0.955494 0.952032 0.063745 0.028169
0 0.953465 0.951980 0.063745 0.028169
0 0.952121 0.951896 0.063745 0.028169
0 0.952185 0.952064 0.063745 0.028169
0 0.951417 0.951912 0.063745 0.028169
0 0.951463 0.952336 0.063745 0.028169
0 0.954437 0.953324 0.063745 0.028169
0 0.954226 0.953777 0.063745 0.028169
0 0.945305 0.958198 0.063745 0.028169
0 0.945042 0.957579 0.063745 0.028169
0 0.944243 0.956934 0.063745 0.028169
0 0.943672 0.957142 0.063745 0.028169
0 0.944643 0.955888 0.063745 0.028169
0 0.943254 0.957834 0.063745 0.028169
0 0.942492 0.956320 0.063745 0.028169
0 0.942262 0.957440 0.063745 0.028169
0 0.941508 0.954790 0.063745 0.028169
0 0.942212 0.954837 0.063745 0.028169
0 0.943721 0.954648 0.063745 0.028169
0 0.944623 0.952753 0.063745 0.028169
0 0.949113 0.953291 0.063745 0.028169
0 0.949375 0.952990 0.063745 0.028169
0 0.939948 0.963417 0.063745 0.028169
0 0.941267 0.963512 0.063745 0.028169
0 0.941432 0.963843 0.063745 0.028169
0 0.941771 0.963916 0.063745 0.028169
0 0.940516 0.964231 0.063745 0.028169
0 0.941047 0.964667 0.063745 0.028169
0 0.941569 0.964610 0.063745 0.028169
0 0.938601 0.964731 0.063745 0.028169
0 0.938674 0.964084 0.063745 0.028169
0 0.942744 0.965896 0.063745 0.028169
0 0.942854 0.966133 0.063745 0.028169
0 0.942992 0.966423 0.063745 0.028169
0 0.942973 0.966671 0.063745 0.028169
0 0.942834 0.965616 0.063745 0.028169
0 0.938989 0.965301 0.063745 0.028169
0 0.940436 0.965500 0.063745 0.028169
0 0.938879 0.966230 0.063745 0.028169
0 0.939154 0.966718 0.063745 0.028169
0 0.941411 0.967811 0.063745 0.028169
0 0.940769 0.968193 0.063745 0.028169
0 0.941805 0.968504 0.063745 0.028169
0 0.941493 0.968367 0.063745 0.028169
0 0.946123 0.968693 0.063745 0.028169
0 0.946536 0.968572 0.063745 0.028169
0 0.946960 0.967756 0.063745 0.028169
0 0.947253 0.967908 0.063745 0.028169
0 0.947700 0.967987 0.063745 0.028169
0 0.947664 0.967793 0.063745 0.028169
0 0.948486 0.967866 0.063745 0.028169
0 0.948870 0.967830 0.063745 0.028169
0 0.949391 0.967825 0.063745 0.028169
0 0.949564 0.968500 0.063745 0.028169
0 0.949071 0.968427 0.063745 0.028169
0 0.950323 0.967767 0.063745 0.028169
0 0.947895 0.968689 0.063745 0.028169
0 0.948115 0.968615 0.063745 0.028169
0 0.951646 0.967390 0.063745 0.028169
0 0.946794 0.964102 0.063745 0.028169
0 0.948240 0.963855 0.063745 0.028169
0 0.950473 0.966583 0.063745 0.028169
0 0.949598 0.965906 0.063745 0.028169
0 0.949788 0.965470 0.063745 0.028169
0 0.949932 0.964709 0.063745 0.028169
0 0.951138 0.964777 0.063745 0.028169
0 0.951933 0.964829 0.063745 0.028169
0 0.952106 0.964369 0.063745 0.028169
0 0.951787 0.964374 0.063745 0.028169
0 0.955508 0.971328 0.063745 0.028169
0 0.955977 0.970780 0.063745 0.028169
0 0.951909 0.968748 0.063745 0.028169
0 0.951236 0.969275 0.063745 0.028169
0 0.952273 0.968479 0.063745 0.028169
0 0.953806 0.968542 0.063745 0.028169
0 0.953760 0.967768 0.063745 0.028169
0 0.961495 0.965010 0.063745 0.028169
0 0.961550 0.964848 0.063745 0.028169
0 0.949916 0.962262 0.063745 0.028169
0 0.951319 0.963019 0.063745 0.028169
0 0.951328 0.962746 0.063745 0.028169
0 0.951896 0.961753 0.063745 0.028169
0 0.952492 0.961232 0.063745 0.028169
0 0.952574 0.960938 0.063745 0.028169
0 0.953271 0.961111 0.063745 0.028169
0 0.953078 0.961316 0.063745 0.028169
0 0.951483 0.961054 0.063745 0.028169
0 0.950787 0.961458 0.063745 0.028169
0 0.950210 0.961364 0.063745 0.028169
0 0.949925 0.961274 0.063745 0.028169
0 0.952094 0.960735 0.063745 0.028169
0 0.952388 0.960603 0.063745 0.028169
0 0.952773 0.960461 0.063745 0.028169
0 0.954725 0.961066 0.063745 0.028169
0 0.954349 0.960088 0.063745 0.028169
0 0.954899 0.959894 0.063745 0.028169
0 0.955165 0.959705 0.063745 0.028169
0 0.955578 0.960666 0.063745 0.028169
0 0.956733 0.961055 0.063745 0.028169
0 0.958978 0.961344 0.063745 0.028169
0 0.960454 0.960246 0.063745 0.028169
0 0.960014 0.960136 0.063745 0.028169
0 0.954466 0.959381 0.063745 0.028169
0 0.954230 0.959772 0.063745 0.028169
0 0.955564 0.959215 0.063745 0.028169
0 0.956880 0.959288 0.063745 0.028169
0 0.959907 0.959207 0.063745 0.028169
0 0.960429 0.959516 0.063745 0.028169
0 0.961839 0.959527 0.063745 0.028169
0 0.962517 0.959018 0.063745 0.028169
0 0.963350 0.959632 0.063745 0.028169
0 0.960551 0.958575 0.063745 0.028169
0 0.962619 0.957814 0.063745 0.028169
0 0.962500 0.957499 0.063745 0.028169
0 0.945939 0.959409 0.063745 0.028169
0 0.946333 0.959702 0.063745 0.028169
0 0.946470 0.960054 0.063745 0.028169
0 0.932744 0.969778 0.063745 0.028169
0 0.929175 0.964757 0.063745 0.028169
0 0.968009 0.967616 0.063745 0.028169
0 0.972474 0.954504 0.055051 0.028169
0 0.933396 0.966199 0.063745 0.028169