0 0.447812 0.893656 0.076923 0.027730
0 0.444620 0.894831 0.076923 0.027730
0 0.449289 0.895623 0.076923 0.027730
0 0.447050 0.895760 0.076923 0.027730
0 0.449003 0.900759 0.076923 0.027730
0 0.444620 0.901551 0.076923 0.027730
0 0.448812 0.902998 0.076923 0.027730
0 0.439904 0.904118 0.076923 0.027730
0 0.444430 0.905484 0.076923 0.027730
0 0.437713 0.906058 0.076923 0.027730
0 0.445192 0.906085 0.076923 0.027730
0 0.436903 0.906632 0.076923 0.027730
0 0.437189 0.907014 0.076923 0.027730
0 0.439809 0.907260 0.076923 0.027730
0 0.437141 0.907588 0.076923 0.027730
0 0.439333 0.907915 0.076923 0.027730
0 0.441619 0.908161 0.076923 0.027730
0 0.445430 0.909554 0.076923 0.027730
0 0.441905 0.910374 0.076923 0.027730
0 0.441953 0.910756 0.076923 0.027730
0 0.445240 0.910811 0.076923 0.027730
0 0.475775 0.911357 0.076923 0.027730
0 0.455672 0.911385 0.076923 0.027730
0 0.443001 0.911603 0.076923 0.027730
0 0.442572 0.912068 0.076923 0.027730
0 0.479205 0.912095 0.076923 0.027730
0 0.457149 0.913133 0.076923 0.027730
0 0.425470 0.913215 0.076923 0.027730
0 0.438625 0.913465 0.076923 0.027730
0 0.439428 0.913625 0.076923 0.027730
0 0.445621 0.913597 0.076923 0.027730
0 0.483635 0.913679 0.076923 0.027730
0 0.439666 0.914253 0.076923 0.027730
0 0.436236 0.914307 0.076923 0.027730
0 0.435950 0.914581 0.076923 0.027730
0 0.456530 0.914581 0.076923 0.027730
0 0.439285 0.914745 0.076923 0.027730
0 0.439904 0.915100 0.076923 0.027730
0 0.459054 0.915100 0.076923 0.027730
0 0.438046 0.915154 0.076923 0.027730
0 0.465581 0.915400 0.076923 0.027730
0 0.486875 0.915919 0.076923 0.027730
0 0.487756 0.915919 0.076923 0.027730
0 0.439618 0.916056 0.076923 0.027730
0 0.440285 0.916247 0.076923 0.027730
0 0.459054 0.916302 0.076923 0.027730
0 0.466248 0.916384 0.076923 0.027730
0 0.485874 0.916438 0.076923 0.027730
0 0.487303 0.916411 0.076923 0.027730
0 0.453910 0.916465 0.076923 0.027730
0 0.436284 0.916493 0.076923 0.027730
0 0.441278 0.916441 0.076923 0.027730
0 0.463056 0.917066 0.076923 0.027730
0 0.436570 0.917422 0.076923 0.027730
0 0.440238 0.917859 0.076923 0.027730
0 0.454338 0.918542 0.076923 0.027730
0 0.441381 0.918733 0.076923 0.027730
0 0.485779 0.918787 0.076923 0.027730
0 0.421945 0.918815 0.076923 0.027730
0 0.421183 0.918989 0.076923 0.027730
0 0.482063 0.919607 0.076923 0.027730
0 0.482301 0.920044 0.076923 0.027730
0 0.478776 0.920317 0.076923 0.027730
0 0.427757 0.920863 0.076923 0.027730
0 0.429900 0.921901 0.076923 0.027730
0 0.455053 0.922065 0.076923 0.027730
0 0.430615 0.922612 0.076923 0.027730
0 0.483349 0.922639 0.076923 0.027730
0 0.433187 0.922721 0.076923 0.027730
0 0.429710 0.922939 0.076923 0.027730
0 0.431472 0.923267 0.076923 0.027730
0 0.487088 0.923342 0.076923 0.027730
0 0.480134 0.923745 0.076923 0.027730
0 0.480729 0.923896 0.076923 0.027730
0 0.477275 0.923882 0.076923 0.027730
0 0.486255 0.924387 0.076923 0.027730
0 0.475061 0.924442 0.076923 0.027730
0 0.481206 0.924715 0.076923 0.027730
0 0.432521 0.924770 0.076923 0.027730
0 0.431234 0.924879 0.076923 0.027730
0 0.475156 0.924879 0.076923 0.027730
0 0.447955 0.925097 0.076923 0.027730
0 0.428233 0.925152 0.076923 0.027730
0 0.441905 0.926081 0.076923 0.027730
0 0.481063 0.926095 0.076923 0.027730
0 0.432759 0.926245 0.076923 0.027730
0 0.446478 0.926217 0.076923 0.027730
0 0.432187 0.926627 0.076923 0.027730
0 0.482682 0.926627 0.076923 0.027730
0 0.484302 0.926764 0.076923 0.027730
0 0.444096 0.926818 0.076923 0.027730
0 0.433997 0.926900 0.076923 0.027730
0 0.434712 0.926928 0.076923 0.027730
0 0.430996 0.927201 0.076923 0.027730
0 0.435426 0.927146 0.076923 0.027730
0 0.443001 0.927228 0.076923 0.027730
0 0.481968 0.927337 0.076923 0.027730
0 0.483762 0.927456 0.076923 0.027730
0 0.469820 0.927501 0.076923 0.027730
0 0.481206 0.927529 0.076923 0.027730
0 0.435379 0.927583 0.076923 0.027730
0 0.473203 0.927720 0.076923 0.027730
0 0.440190 0.927802 0.076923 0.027730
0 0.480943 0.927802 0.076923 0.027730
0 0.452195 0.928102 0.076923 0.027730
0 0.481539 0.928389 0.076923 0.027730
0 0.441095 0.928840 0.076923 0.027730
0 0.436522 0.929004 0.076923 0.027730
0 0.439666 0.929140 0.076923 0.027730
0 0.432854 0.929441 0.076923 0.027730
0 0.431663 0.929550 0.076923 0.027730
0 0.469439 0.929605 0.076923 0.027730
0 0.474584 0.929714 0.076923 0.027730
0 0.437046 0.929769 0.076923 0.027730
0 0.435236 0.929987 0.076923 0.027730
0 0.432282 0.930233 0.076923 0.027730
0 0.469535 0.930233 0.076923 0.027730
0 0.432044 0.930697 0.076923 0.027730
0 0.468296 0.930834 0.076923 0.027730
0 0.463008 0.931326 0.076923 0.027730
0 0.432282 0.931408 0.076923 0.027730
0 0.435712 0.931517 0.076923 0.027730
0 0.436236 0.932200 0.076923 0.027730
0 0.437618 0.932992 0.076923 0.027730
0 0.444859 0.933047 0.076923 0.027730
0 0.469916 0.933047 0.076923 0.027730
0 0.469154 0.933374 0.076923 0.027730
0 0.455958 0.933729 0.076923 0.027730
0 0.438878 0.933880 0.076923 0.027730
0 0.455005 0.933921 0.076923 0.027730
0 0.449098 0.934330 0.076923 0.027730
0 0.458292 0.934303 0.076923 0.027730
0 0.449622 0.934522 0.076923 0.027730
0 0.468111 0.934631 0.076923 0.027730
0 0.455339 0.934795 0.076923 0.027730
0 0.467922 0.934937 0.076923 0.027730
0 0.470011 0.935314 0.076923 0.027730
0 0.463628 0.935724 0.076923 0.027730
0 0.461865 0.935969 0.076923 0.027730
0 0.466009 0.936461 0.076923 0.027730
0 0.461484 0.936898 0.076923 0.027730
0 0.460007 0.937117 0.076923 0.027730
0 0.462198 0.937445 0.076923 0.027730
0 0.455815 0.937581 0.076923 0.027730
0 0.459340 0.938073 0.076923 0.027730
0 0.460293 0.938237 0.076923 0.027730
0 0.452785 0.938974 0.076923 0.027730
0 0.458149 0.939493 0.076923 0.027730
0 0.451385 0.940122 0.076923 0.027730
0 0.490590 0.915837 0.076923 0.027730
0 0.490638 0.916903 0.076923 0.027730
0 0.430358 0.934855 0.076923 0.027730
0 0.431689 0.937379 0.076923 0.027730
0 0.430222 0.939238 0.076923 0.027730
0 0.454077 0.932017 0.076923 0.027730
0 0.472131 0.923896 0.076923 0.027730
0 0.476602 0.923328 0.076923 0.027730
0 0.478035 0.926244 0.076923 0.027730
0 0.479571 0.924267 0.076923 0.027730
0 0.481005 0.922819 0.076923 0.027730
0 0.480800 0.923211 0.076923 0.027730
0 0.480288 0.923269 0.076923 0.027730
0 0.481101 0.925716 0.076923 0.027730
0 0.486315 0.925736 0.076923 0.027730
0 0.485680 0.924991 0.076923 0.027730
0 0.479025 0.921469 0.076923 0.027730
0 0.481073 0.920295 0.076923 0.027730
0 0.481141 0.920079 0.076923 0.027730
0 0.481107 0.920940 0.076923 0.027730
0 0.484622 0.921156 0.076923 0.027730
0 0.488820 0.920021 0.076923 0.027730
0 0.488035 0.923191 0.076923 0.027730
0 0.490799 0.917711 0.076923 0.027730
0 0.494554 0.914306 0.076923 0.027730
0 0.485066 0.916616 0.076923 0.027730
0 0.482267 0.918005 0.076923 0.027730
0 0.481858 0.918318 0.076923 0.027730
0 0.439094 0.917013 0.076923 0.027730
0 0.442457 0.908716 0.076923 0.027730
0 0.447830 0.912365 0.076923 0.027730
0 0.453744 0.918098 0.076923 0.027730
0 0.492622 0.910403 0.076923 0.027730
0 0.442684 0.904678 0.076923 0.027730
0 0.441235 0.916768 0.076923 0.027730
0 0.443398 0.910939 0.076923 0.027730
0 0.484541 0.919484 0.076923 0.027730
0 0.487797 0.922703 0.076923 0.027730
0 0.476150 0.923314 0.076923 0.027730
0 0.449993 0.937267 0.076923 0.027730
0 0.438795 0.936897 0.076923 0.027730
0 0.441158 0.939593 0.076923 0.027730
0 0.451433 0.939299 0.076923 0.027730
0 0.453325 0.939660 0.076923 0.027730
0 0.453091 0.939513 0.076923 0.027730
0 0.453745 0.939620 0.076923 0.027730
0 0.454866 0.939740 0.076923 0.027730
0 0.455450 0.939178 0.076923 0.027730
0 0.455590 0.938937 0.076923 0.027730
0 0.458789 0.939687 0.076923 0.027730
0 0.431211 0.938053 0.076923 0.027730
0 0.430814 0.937611 0.076923 0.027730
0 0.432962 0.937089 0.076923 0.027730
0 0.430183 0.935455 0.076923 0.027730
0 0.429553 0.936045 0.076923 0.027730
0 0.429062 0.935536 0.076923 0.027730
0 0.428759 0.935629 0.076923 0.027730
0 0.436348 0.932911 0.076923 0.027730
0 0.432262 0.932322 0.076923 0.027730
0 0.448888 0.934839 0.076923 0.027730
0 0.449005 0.935241 0.076923 0.027730
0 0.450336 0.935696 0.076923 0.027730
0 0.454749 0.936701 0.076923 0.027730
0 0.457715 0.936286 0.076923 0.027730
0 0.456968 0.935830 0.076923 0.027730
0 0.456174 0.935174 0.076923 0.027730
0 0.459326 0.934973 0.076923 0.027730
0 0.462946 0.934505 0.076923 0.027730
0 0.457808 0.932844 0.076923 0.027730
0 0.452647 0.931693 0.076923 0.027730
0 0.459303 0.932121 0.076923 0.027730
0 0.459560 0.931880 0.076923 0.027730
0 0.460050 0.931612 0.076923 0.027730
0 0.459513 0.932550 0.076923 0.027730
0 0.434970 0.929149 0.076923 0.027730
0 0.444147 0.928760 0.076923 0.027730
0 0.442910 0.928318 0.076923 0.027730
0 0.445035 0.928251 0.076923 0.027730
0 0.445198 0.927635 0.076923 0.027730
0 0.445245 0.927314 0.076923 0.027730
0 0.448187 0.927287 0.076923 0.027730
0 0.448678 0.926658 0.076923 0.027730
0 0.448654 0.926055 0.076923 0.027730
0 0.432332 0.926979 0.076923 0.027730
0 0.445455 0.925185 0.076923 0.027730
0 0.431351 0.923712 0.076923 0.027730
0 0.429459 0.923565 0.076923 0.027730
0 0.429786 0.923966 0.076923 0.027730
0 0.430604 0.925694 0.076923 0.027730
0 0.421730 0.919186 0.076923 0.027730
0 0.432005 0.921583 0.076923 0.027730
0 0.439290 0.923819 0.076923 0.027730
0 0.422991 0.916829 0.076923 0.027730
0 0.423458 0.916307 0.076923 0.027730
0 0.423668 0.916829 0.076923 0.027730
0 0.421977 0.917741 0.076923 0.027730
0 0.426284 0.917459 0.076923 0.027730
0 0.425186 0.914700 0.076923 0.027730
0 0.426354 0.914486 0.076923 0.027730
0 0.425326 0.912531 0.076923 0.027730
0 0.426797 0.912384 0.076923 0.027730
0 0.440014 0.916508 0.076923 0.027730
0 0.440551 0.915597 0.076923 0.027730
0 0.440248 0.914299 0.076923 0.027730
0 0.438006 0.913950 0.076923 0.027730
0 0.438240 0.914258 0.076923 0.027730
0 0.434060 0.915276 0.076923 0.027730
0 0.434340 0.917566 0.076923 0.027730
0 0.434713 0.918409 0.076923 0.027730
0 0.435344 0.918289 0.076923 0.027730
0 0.434900 0.917793 0.076923 0.027730
0 0.436652 0.920003 0.076923 0.027730
0 0.437376 0.920137 0.076923 0.027730
0 0.455076 0.919414 0.076923 0.027730
0 0.461941 0.919949 0.076923 0.027730
0 0.461101 0.918021 0.076923 0.027730
0 0.464744 0.916227 0.076923 0.027730
0 0.465327 0.915718 0.076923 0.027730
0 0.462175 0.914312 0.076923 0.027730
0 0.463109 0.914968 0.076923 0.027730
0 0.461311 0.915316 0.076923 0.027730
0 0.458158 0.914151 0.076923 0.027730
0 0.455963 0.917633 0.076923 0.027730
0 0.455800 0.917338 0.076923 0.027730
0 0.446436 0.914901 0.076923 0.027730
0 0.447510 0.914245 0.076923 0.027730
0 0.446506 0.913522 0.076923 0.027730
0 0.443610 0.913214 0.076923 0.027730
0 0.445315 0.912491 0.076923 0.027730
0 0.445245 0.912826 0.076923 0.027730
0 0.446810 0.912129 0.076923 0.027730
0 0.445549 0.911473 0.076923 0.027730
0 0.443494 0.911888 0.076923 0.027730
0 0.443704 0.910603 0.076923 0.027730
0 0.443517 0.909558 0.076923 0.027730
0 0.444801 0.907978 0.076923 0.027730
0 0.442840 0.907871 0.076923 0.027730
0 0.442326 0.907202 0.076923 0.027730
0 0.442910 0.907282 0.076923 0.027730
0 0.440108 0.909317 0.076923 0.027730
0 0.440481 0.907175 0.076923 0.027730
0 0.439337 0.908286 0.076923 0.027730
0 0.438520 0.907992 0.076923 0.027730
0 0.438473 0.908326 0.076923 0.027730
0 0.437936 0.908407 0.076923 0.027730
0 0.437843 0.907871 0.076923 0.027730
0 0.434503 0.906639 0.076923 0.027730
0 0.435017 0.901939 0.076923 0.027730
0 0.435507 0.900988 0.076923 0.027730
0 0.435788 0.900439 0.076923 0.027730
0 0.437843 0.899609 0.076923 0.027730
0 0.438566 0.900011 0.076923 0.027730
0 0.458112 0.900855 0.076923 0.027730
0 0.463319 0.900024 0.076923 0.027730
0 0.436325 0.893543 0.076923 0.027730
0 0.434270 0.896088 0.076923 0.027730
0 0.432308 0.896744 0.076923 0.027730
0 0.431818 0.896596 0.076923 0.027730
0 0.438777 0.893302 0.076923 0.027730
0 0.449168 0.892231 0.076923 0.027730
0 0.448981 0.892526 0.076923 0.027730
0 0.449191 0.893677 0.076923 0.027730
0 0.445035 0.894641 0.076923 0.027730
0 0.447300 0.894775 0.076923 0.027730
0 0.447674 0.895137 0.076923 0.027730
0 0.446226 0.895271 0.076923 0.027730
0 0.447674 0.895672 0.076923 0.027730
0 0.448771 0.895954 0.076923 0.027730
0 0.449892 0.895579 0.076923 0.027730
0 0.450149 0.895498 0.076923 0.027730
0 0.449588 0.896449 0.076923 0.027730
0 0.449495 0.897480 0.076923 0.027730
0 0.450546 0.897628 0.076923 0.027730
0 0.452204 0.897708 0.076923 0.027730
0 0.464277 0.911460 0.076923 0.027730
0 0.459233 0.910027 0.076923 0.027730
0 0.456711 0.914955 0.076923 0.027730
0 0.457832 0.916669 0.076923 0.027730
0 0.455450 0.915771 0.076923 0.027730
0 0.469227 0.916454 0.076923 0.027730
0 0.472543 0.917017 0.076923 0.027730
0 0.466915 0.922119 0.076923 0.027730
0 0.472520 0.915865 0.076923 0.027730
0 0.488259 0.910938 0.076923 0.027730
0 0.487325 0.911138 0.076923 0.027730
0 0.492415 0.913013 0.076923 0.027730
0 0.492952 0.912665 0.076923 0.027730
0 0.493326 0.913134 0.076923 0.027730
0 0.493233 0.913401 0.076923 0.027730
0 0.492695 0.913455 0.076923 0.027730
0 0.489356 0.913495 0.076923 0.027730
0 0.484406 0.916883 0.076923 0.027730
0 0.482514 0.917137 0.076923 0.027730
0 0.482841 0.917325 0.076923 0.027730
0 0.482818 0.918034 0.076923 0.027730
0 0.489286 0.918249 0.076923 0.027730
0 0.489123 0.917954 0.076923 0.027730
0 0.488516 0.917392 0.076923 0.027730
0 0.488842 0.916977 0.076923 0.027730
0 0.489613 0.917137 0.076923 0.027730
0 0.490057 0.916910 0.076923 0.027730
0 0.493349 0.916320 0.076923 0.027730
0 0.491108 0.915530 0.076923 0.027730
0 0.489823 0.921931 0.076923 0.027730
0 0.490500 0.922078 0.076923 0.027730
0 0.486297 0.920552 0.076923 0.027730
0 0.486577 0.919146 0.076923 0.027730
0 0.486928 0.919092 0.076923 0.027730
0 0.482794 0.920097 0.076923 0.027730
0 0.481977 0.920472 0.076923 0.027730
0 0.482631 0.921422 0.076923 0.027730
0 0.484616 0.921703 0.076923 0.027730
0 0.485433 0.921422 0.076923 0.027730
0 0.487021 0.924850 0.076923 0.027730
0 0.486274 0.924837 0.076923 0.027730
0 0.485994 0.923364 0.076923 0.027730
0 0.485386 0.923270 0.076923 0.027730
0 0.483892 0.923016 0.076923 0.027730
0 0.475532 0.923431 0.076923 0.027730
0 0.476279 0.923886 0.076923 0.027730
0 0.476093 0.924328 0.076923 0.027730
0 0.477330 0.924931 0.076923 0.027730
0 0.477167 0.925198 0.076923 0.027730
0 0.479011 0.924971 0.076923 0.027730
0 0.479665 0.924502 0.076923 0.027730
0 0.479082 0.923966 0.076923 0.027730
0 0.480062 0.924676 0.076923 0.027730
0 0.480996 0.925065 0.076923 0.027730
0 0.481557 0.924957 0.076923 0.027730
0 0.483495 0.925546 0.076923 0.027730
0 0.482888 0.925908 0.076923 0.027730
0 0.483402 0.926216 0.076923 0.027730
0 0.483145 0.926551 0.076923 0.027730
0 0.483682 0.926685 0.076923 0.027730
0 0.481253 0.927006 0.076923 0.027730
0 0.480132 0.926752 0.076923 0.027730
0 0.479805 0.927609 0.076923 0.027730
0 0.480693 0.928867 0.076923 0.027730
0 0.480366 0.928693 0.076923 0.027730
0 0.478077 0.927984 0.076923 0.027730
0 0.475182 0.928841 0.076923 0.027730
0 0.476069 0.926765 0.076923 0.027730
0 0.475649 0.927100 0.076923 0.027730
0 0.475369 0.926404 0.076923 0.027730
0 0.472777 0.928680 0.076923 0.027730
0 0.481837 0.916977 0.076923 0.027730
0 0.474785 0.928707 0.076923 0.027730
0 0.470091 0.925895 0.076923 0.027730
0 0.470558 0.927207 0.076923 0.027730
0 0.468363 0.926363 0.076923 0.027730
0 0.466892 0.929992 0.076923 0.027730
0 0.452179 0.933399 0.076923 0.027730
0 0.451670 0.932704 0.076923 0.027730
0 0.448697 0.935901 0.076923 0.027730
0 0.438328 0.932917 0.076923 0.027730
0 0.432907 0.924625 0.076923 0.027730
0 0.482058 0.912316 0.076923 0.027730
0 0.475503 0.916024 0.076923 0.027730
0 0.475037 0.907243 0.076923 0.027730
0 0.475682 0.906955 0.076923 0.027730
0 0.467052 0.905356 0.076923 0.027730
0 0.465247 0.903963 0.076923 0.027730
0 0.445290 0.894041 0.076923 0.027730
0 0.445419 0.894337 0.076923 0.027730
0 0.445651 0.894426 0.076923 0.027730
0 0.437350 0.899334 0.076923 0.027730
0 0.437169 0.898920 0.076923 0.027730
0 0.441500 0.907316 0.076923 0.027730
0 0.437427 0.923119 0.076923 0.027730
0 0.430879 0.923888 0.076923 0.027730
0 0.431601 0.926046 0.076923 0.027730
0 0.435391 0.928795 0.076923 0.027730
0 0.437015 0.928544 0.076923 0.027730
0 0.457690 0.933851 0.076923 0.027730
0 0.456375 0.932964 0.076923 0.027730
0 0.457260 0.934404 0.076923 0.027730
0 0.452834 0.938453 0.076923 0.027730
0 0.449867 0.933157 0.076923 0.027730
0 0.443949 0.927616 0.076923 0.027730
0 0.447504 0.926630 0.076923 0.027730
0 0.432605 0.926727 0.076923 0.027730
0 0.431281 0.927096 0.076923 0.027730
0 0.431035 0.922163 0.076923 0.027730
0 0.430165 0.922900 0.076923 0.027730
0 0.430222 0.922716 0.076923 0.027730
0 0.434306 0.911592 0.076923 0.027730
0 0.434571 0.895741 0.076923 0.027730
0 0.440835 0.894122 0.076923 0.027730
0 0.439977 0.898902 0.076923 0.027730
0 0.437595 0.899940 0.076923 0.027730
0 0.430688 0.900787 0.076923 0.027730
0 0.445455 0.901661 0.076923 0.027730
0 0.444455 0.902753 0.076923 0.027730
0 0.441216 0.907452 0.076923 0.027730
0 0.465796 0.908080 0.076923 0.027730
0 0.436404 0.908435 0.076923 0.027730
0 0.447075 0.911304 0.076923 0.027730
0 0.448981 0.913325 0.076923 0.027730
0 0.473990 0.913407 0.076923 0.027730
0 0.441978 0.913598 0.076923 0.027730
0 0.453268 0.914117 0.076923 0.027730
0 0.463939 0.914582 0.076923 0.027730
0 0.466416 0.914964 0.076923 0.027730
0 0.437572 0.915062 0.076923 0.027730
0 0.445646 0.915046 0.076923 0.027730
0 0.450076 0.915046 0.076923 0.027730
0 0.464891 0.915019 0.076923 0.027730
0 0.461652 0.915073 0.076923 0.027730
0 0.425353 0.915264 0.076923 0.027730
0 0.440311 0.915783 0.076923 0.027730
0 0.437392 0.916057 0.076923 0.027730
0 0.446885 0.915920 0.076923 0.027730
0 0.438262 0.916057 0.076923 0.027730
0 0.458317 0.916111 0.076923 0.027730
0 0.455888 0.916220 0.076923 0.027730
0 0.455412 0.916576 0.076923 0.027730
0 0.434928 0.916794 0.076923 0.027730
0 0.473561 0.916794 0.076923 0.027730
0 0.433707 0.916913 0.076923 0.027730
0 0.439644 0.917095 0.076923 0.027730
0 0.423828 0.917177 0.076923 0.027730
0 0.463396 0.917340 0.076923 0.027730
0 0.447694 0.917805 0.076923 0.027730
0 0.422067 0.917851 0.076923 0.027730
0 0.447027 0.917859 0.076923 0.027730
0 0.461700 0.917832 0.076923 0.027730
0 0.427020 0.917969 0.076923 0.027730
0 0.433529 0.918018 0.076923 0.027730
0 0.464701 0.918160 0.076923 0.027730
0 0.436076 0.918314 0.076923 0.027730
0 0.426496 0.918406 0.076923 0.027730
0 0.423161 0.918542 0.076923 0.027730
0 0.443216 0.918570 0.076923 0.027730
0 0.435976 0.919253 0.076923 0.027730
0 0.446789 0.919498 0.076923 0.027730
0 0.429306 0.919608 0.076923 0.027730
0 0.455936 0.919717 0.076923 0.027730
0 0.447933 0.919990 0.076923 0.027730
0 0.458413 0.920127 0.076923 0.027730
0 0.458079 0.920892 0.076923 0.027730
0 0.447980 0.921329 0.076923 0.027730
0 0.444693 0.921793 0.076923 0.027730
0 0.421923 0.922667 0.076923 0.027730
0 0.435404 0.922722 0.076923 0.027730
0 0.436357 0.923241 0.076923 0.027730
0 0.434546 0.923432 0.076923 0.027730
0 0.433213 0.923787 0.076923 0.027730
0 0.449362 0.923951 0.076923 0.027730
0 0.432355 0.924224 0.076923 0.027730
0 0.448981 0.924415 0.076923 0.027730
0 0.428068 0.924525 0.076923 0.027730
0 0.446265 0.924552 0.076923 0.027730
0 0.470798 0.924852 0.076923 0.027730
0 0.448790 0.925098 0.076923 0.027730
0 0.446218 0.925372 0.076923 0.027730
0 0.430212 0.925617 0.076923 0.027730
0 0.441692 0.925809 0.076923 0.027730
0 0.456555 0.926054 0.076923 0.027730
0 0.449981 0.926082 0.076923 0.027730
0 0.430259 0.926191 0.076923 0.027730
0 0.455554 0.926164 0.076923 0.027730
0 0.470131 0.926710 0.076923 0.027730
0 0.430021 0.926765 0.076923 0.027730
0 0.449362 0.926901 0.076923 0.027730
0 0.467702 0.926901 0.076923 0.027730
0 0.466702 0.927010 0.076923 0.027730
0 0.445837 0.927038 0.076923 0.027730
0 0.457317 0.927120 0.076923 0.027730
0 0.443740 0.927420 0.076923 0.027730
0 0.466035 0.927584 0.076923 0.027730
0 0.430402 0.927639 0.076923 0.027730
0 0.431926 0.927830 0.076923 0.027730
0 0.437548 0.928185 0.076923 0.027730
0 0.462224 0.928841 0.076923 0.027730
0 0.429211 0.929059 0.076923 0.027730
0 0.443645 0.929360 0.076923 0.027730
0 0.437691 0.929442 0.076923 0.027730
0 0.427877 0.929606 0.076923 0.027730
0 0.435261 0.929551 0.076923 0.027730
0 0.461271 0.929551 0.076923 0.027730
0 0.479135 0.929606 0.076923 0.027730
0 0.432165 0.929906 0.076923 0.027730
0 0.441835 0.929933 0.076923 0.027730
0 0.461128 0.930015 0.076923 0.027730
0 0.460271 0.930152 0.076923 0.027730
0 0.452696 0.930889 0.076923 0.027730
0 0.432689 0.930971 0.076923 0.027730
0 0.452268 0.931381 0.076923 0.027730
0 0.458127 0.931354 0.076923 0.027730
0 0.434975 0.931572 0.076923 0.027730
0 0.453887 0.931654 0.076923 0.027730
0 0.432879 0.931791 0.076923 0.027730
0 0.443979 0.932119 0.076923 0.027730
0 0.454316 0.932310 0.076923 0.027730
0 0.455936 0.932392 0.076923 0.027730
0 0.435595 0.932515 0.076923 0.027730
0 0.451124 0.932501 0.076923 0.027730
0 0.456745 0.932501 0.076923 0.027730
0 0.452268 0.932610 0.076923 0.027730
0 0.459032 0.932610 0.076923 0.027730
0 0.455030 0.932720 0.076923 0.027730
0 0.459604 0.932720 0.076923 0.027730
0 0.463377 0.933211 0.076923 0.027730
0 0.448504 0.933239 0.076923 0.027730
0 0.456364 0.933293 0.076923 0.027730
0 0.439041 0.933331 0.076923 0.027730
0 0.466511 0.933403 0.076923 0.027730
0 0.452649 0.933512 0.076923 0.027730
0 0.451267 0.933703 0.076923 0.027730
0 0.464082 0.933785 0.076923 0.027730
0 0.453554 0.933949 0.076923 0.027730
0 0.461033 0.934003 0.076923 0.027730
0 0.450934 0.934413 0.076923 0.027730
0 0.459604 0.934441 0.076923 0.027730
0 0.467788 0.934330 0.076923 0.027730
0 0.447790 0.934686 0.076923 0.027730
0 0.429497 0.935260 0.076923 0.027730
0 0.455459 0.935561 0.076923 0.027730
0 0.429021 0.935970 0.076923 0.027730
0 0.438500 0.936052 0.076923 0.027730
0 0.456936 0.936899 0.076923 0.027730
0 0.429878 0.937052 0.076923 0.027730
0 0.450981 0.937063 0.076923 0.027730
0 0.439787 0.937281 0.076923 0.027730
0 0.447170 0.937309 0.076923 0.027730
0 0.464320 0.938156 0.076923 0.027730
0 0.459651 0.938538 0.076923 0.027730
0 0.459223 0.939358 0.076923 0.027730
0 0.452553 0.939467 0.076923 0.027730
0 0.436101 0.939812 0.076923 0.027730
0 0.460461 0.940013 0.076923 0.027730
0 0.490997 0.920755 0.076923 0.027730
0 0.463255 0.937976 0.076923 0.027730
0 0.465869 0.935871 0.076923 0.027730
0 0.466849 0.935551 0.076923 0.027730
0 0.467233 0.935320 0.076923 0.027730
0 0.464869 0.935452 0.076923 0.027730
0 0.462832 0.935309 0.076923 0.027730
0 0.460680 0.936378 0.076923 0.027730
0 0.460911 0.937248 0.076923 0.027730
0 0.459431 0.937182 0.076923 0.027730
0 0.456203 0.937138 0.076923 0.027730
0 0.454781 0.937369 0.076923 0.027730
0 0.455857 0.938284 0.076923 0.027730
0 0.454185 0.939981 0.076923 0.027730
0 0.458124 0.940047 0.076923 0.027730
0 0.449381 0.939992 0.076923 0.027730
0 0.451168 0.938196 0.076923 0.027730
0 0.451341 0.935717 0.076923 0.027730
0 0.451629 0.935650 0.076923 0.027730
0 0.450687 0.935287 0.076923 0.027730
0 0.450072 0.935221 0.076923 0.027730
0 0.449323 0.935695 0.076923 0.027730
0 0.448689 0.934394 0.076923 0.027730
0 0.447901 0.933447 0.076923 0.027730
0 0.448189 0.933854 0.076923 0.027730
0 0.450418 0.933656 0.076923 0.027730
0 0.451955 0.934530 0.076923 0.027730
0 0.451591 0.934835 0.076923 0.027730
0 0.453128 0.934670 0.076923 0.027730
0 0.457529 0.935144 0.076923 0.027730
0 0.469174 0.934273 0.076923 0.027730
0 0.452321 0.938471 0.076923 0.027730
0 0.450649 0.939342 0.076923 0.027730
0 0.444115 0.938086 0.076923 0.027730
0 0.445691 0.940014 0.076923 0.027730
0 0.443385 0.940477 0.076923 0.027730
0 0.441175 0.938769 0.076923 0.027730
0 0.440656 0.937865 0.076923 0.027730
0 0.438792 0.937337 0.076923 0.027730
0 0.439254 0.936885 0.076923 0.027730
0 0.438831 0.935750 0.076923 0.027730
0 0.438523 0.938659 0.076923 0.027730
0 0.440810 0.939871 0.076923 0.027730
0 0.439012 0.939581 0.076923 0.027730
0 0.435679 0.940455 0.076923 0.027730
0 0.434834 0.941006 0.076923 0.027730
0 0.442328 0.939507 0.076923 0.027730
0 0.429914 0.938075 0.076923 0.027730
0 0.429011 0.937910 0.076923 0.027730
0 0.429972 0.939871 0.076923 0.027730
0 0.430760 0.937050 0.076923 0.027730
0 0.427993 0.935882 0.076923 0.027730
0 0.429030 0.936466 0.076923 0.027730
0 0.431970 0.936455 0.076923 0.027730
0 0.430491 0.934582 0.076923 0.027730
0 0.427762 0.930196 0.076923 0.027730
0 0.427378 0.929843 0.076923 0.027730
0 0.434430 0.928697 0.076923 0.027730
0 0.433719 0.930042 0.076923 0.027730
0 0.432321 0.932753 0.076923 0.027730
0 0.434987 0.931320 0.076923 0.027730
0 0.436563 0.931992 0.076923 0.027730
0 0.434700 0.932433 0.076923 0.027730
0 0.436928 0.933303 0.076923 0.027730
0 0.438792 0.932973 0.076923 0.027730
0 0.441982 0.930295 0.076923 0.027730
0 0.446306 0.929854 0.076923 0.027730
0 0.449227 0.928135 0.076923 0.027730
0 0.450130 0.928411 0.076923 0.027730
0 0.452148 0.932036 0.076923 0.027730
0 0.453083 0.933276 0.076923 0.027730
0 0.453129 0.931641 0.076923 0.027730
0 0.459412 0.930571 0.076923 0.027730
0 0.461199 0.930538 0.076923 0.027730
0 0.461372 0.930846 0.076923 0.027730
0 0.461160 0.931221 0.076923 0.027730
0 0.462102 0.931177 0.076923 0.027730
0 0.460334 0.932521 0.076923 0.027730
0 0.458854 0.931981 0.076923 0.027730
0 0.457971 0.932201 0.076923 0.027730
0 0.463812 0.929799 0.076923 0.027730
0 0.465119 0.929645 0.076923 0.027730
0 0.465503 0.928047 0.076923 0.027730
0 0.465869 0.930901 0.076923 0.027730
0 0.466829 0.930824 0.076923 0.027730
0 0.465599 0.931827 0.076923 0.027730
0 0.468540 0.932587 0.076923 0.027730
0 0.469193 0.931011 0.076923 0.027730
0 0.469155 0.930681 0.076923 0.027730
0 0.469193 0.930229 0.076923 0.027730
0 0.469231 0.928433 0.076923 0.027730
0 0.469155 0.927926 0.076923 0.027730
0 0.468347 0.927617 0.076923 0.027730
0 0.470769 0.928301 0.076923 0.027730
0 0.472306 0.929160 0.076923 0.027730
0 0.471230 0.930020 0.076923 0.027730
0 0.473267 0.930152 0.076923 0.027730
0 0.473978 0.929854 0.076923 0.027730
0 0.474055 0.929259 0.076923 0.027730
0 0.475727 0.929436 0.076923 0.027730
0 0.475438 0.929943 0.076923 0.027730
0 0.475189 0.930460 0.076923 0.027730
0 0.478398 0.927761 0.076923 0.027730
0 0.477725 0.927529 0.076923 0.027730
0 0.482414 0.927584 0.076923 0.027730
0 0.482568 0.924124 0.076923 0.027730
0 0.486930 0.922218 0.076923 0.027730
0 0.490312 0.921447 0.076923 0.027730
0 0.491427 0.921149 0.076923 0.027730
0 0.484605 0.920973 0.076923 0.027730
0 0.478686 0.920686 0.076923 0.027730
0 0.480243 0.924113 0.076923 0.027730
0 0.471768 0.924763 0.076923 0.027730
0 0.469328 0.925612 0.076923 0.027730
0 0.470634 0.924554 0.076923 0.027730
0 0.465984 0.923122 0.076923 0.027730
0 0.464946 0.923937 0.076923 0.027730
0 0.456087 0.921546 0.076923 0.027730
0 0.453839 0.923210 0.076923 0.027730
0 0.451725 0.924179 0.076923 0.027730
0 0.454242 0.926615 0.076923 0.027730
0 0.451494 0.926857 0.076923 0.027730
0 0.448208 0.922372 0.076923 0.027730
0 0.441041 0.924510 0.076923 0.027730
0 0.439561 0.924962 0.076923 0.027730
0 0.445268 0.921623 0.076923 0.027730
0 0.445095 0.925458 0.076923 0.027730
0 0.443299 0.927948 0.076923 0.027730
0 0.436822 0.923847 0.076923 0.027730
0 0.437344 0.922783 0.076923 0.027730
0 0.434464 0.922373 0.076923 0.027730
0 0.428995 0.924223 0.076923 0.027730
0 0.426987 0.923991 0.076923 0.027730
0 0.427159 0.924489 0.076923 0.027730
0 0.428364 0.923347 0.076923 0.027730
0 0.424492 0.923847 0.076923 0.027730
0 0.423294 0.922882 0.076923 0.027730
0 0.423410 0.922417 0.076923 0.027730
0 0.421980 0.921686 0.076923 0.027730
0 0.421883 0.919558 0.076923 0.027730
0 0.426463 0.916045 0.076923 0.027730
0 0.429804 0.920199 0.076923 0.027730
0 0.426753 0.920788 0.076923 0.027730
0 0.436319 0.917751 0.076923 0.027730
0 0.437054 0.919214 0.076923 0.027730
0 0.432725 0.916710 0.076923 0.027730
0 0.433373 0.917517 0.076923 0.027730
0 0.433161 0.916313 0.076923 0.027730
0 0.433579 0.916234 0.076923 0.027730
0 0.433846 0.915912 0.076923 0.027730
0 0.433268 0.917691 0.076923 0.027730
0 0.435856 0.915868 0.076923 0.027730
0 0.434806 0.916193 0.076923 0.027730
0 0.435237 0.914360 0.076923 0.027730
0 0.439431 0.915424 0.076923 0.027730
0 0.447123 0.913973 0.076923 0.027730
0 0.445035 0.913718 0.076923 0.027730
0 0.447296 0.914726 0.076923 0.027730
0 0.450060 0.918560 0.076923 0.027730
0 0.451471 0.919336 0.076923 0.027730
0 0.450118 0.919924 0.076923 0.027730
0 0.450852 0.920300 0.076923 0.027730
0 0.452901 0.918849 0.076923 0.027730
0 0.454428 0.916765 0.076923 0.027730
0 0.453500 0.915735 0.076923 0.027730
0 0.468536 0.914305 0.076923 0.027730
0 0.463936 0.916355 0.076923 0.027730
0 0.460689 0.914205 0.076923 0.027730
0 0.458525 0.916510 0.076923 0.027730
0 0.469212 0.918605 0.076923 0.027730
0 0.475841 0.918073 0.076923 0.027730
0 0.486644 0.918283 0.076923 0.027730
0 0.487977 0.915313 0.076923 0.027730
0 0.489620 0.912831 0.076923 0.027730
0 0.485851 0.912665 0.076923 0.027730
0 0.493447 0.915324 0.076923 0.027730
0 0.491823 0.918195 0.076923 0.027730
0 0.486934 0.918017 0.076923 0.027730
0 0.481368 0.918006 0.076923 0.027730
0 0.485639 0.910393 0.076923 0.027730
0 0.477116 0.910127 0.076923 0.027730
0 0.476710 0.910825 0.076923 0.027730
0 0.473232 0.910138 0.076923 0.027730
0 0.473618 0.909706 0.076923 0.027730
0 0.474391 0.909074 0.076923 0.027730
0 0.474507 0.907767 0.076923 0.027730
0 0.453616 0.912188 0.076923 0.027730
0 0.452398 0.911922 0.076923 0.027730
0 0.451529 0.911878 0.076923 0.027730
0 0.448514 0.911280 0.076923 0.027730
0 0.446176 0.911523 0.076923 0.027730
0 0.455665 0.914903 0.076923 0.027730
0 0.444823 0.911158 0.076923 0.027730
0 0.444204 0.910415 0.076923 0.027730
0 0.434677 0.912410 0.076923 0.027730
0 0.432995 0.911102 0.076923 0.027730
0 0.433150 0.910726 0.076923 0.027730
0 0.426212 0.913452 0.076923 0.027730
0 0.427531 0.913370 0.076923 0.027730
0 0.428106 0.912776 0.076923 0.027730
0 0.430502 0.911645 0.076923 0.027730
0 0.429884 0.911025 0.076923 0.027730
0 0.426425 0.915513 0.076923 0.027730
0 0.426714 0.915203 0.076923 0.027730
0 0.426927 0.914926 0.076923 0.027730
0 0.427584 0.914970 0.076923 0.027730
0 0.435778 0.906714 0.076923 0.027730
0 0.433904 0.906614 0.076923 0.027730
0 0.431063 0.904797 0.076923 0.027730
0 0.449925 0.905661 0.076923 0.027730
0 0.464284 0.904708 0.076923 0.027730
0 0.464999 0.905362 0.076923 0.027730
0 0.467763 0.904619 0.076923 0.027730
0 0.468536 0.904896 0.076923 0.027730
0 0.469019 0.903744 0.076923 0.027730
0 0.454293 0.899888 0.076923 0.027730
0 0.431270 0.897619 0.076923 0.027730
0 0.429897 0.900929 0.076923 0.027730
0 0.432144 0.895561 0.076923 0.027730
0 0.432082 0.896241 0.076923 0.027730
0 0.447121 0.892877 0.076923 0.027730
0 0.447464 0.892358 0.076923 0.027730
0 0.448431 0.899730 0.076923 0.027730
0 0.458603 0.904793 0.076923 0.027730
0 0.468182 0.906493 0.076923 0.027730
0 0.463210 0.939224 0.076923 0.027730
0 0.463888 0.934241 0.076923 0.027730
0 0.454326 0.934213 0.076923 0.027730
0 0.454704 0.933724 0.076923 0.027730
0 0.459918 0.935462 0.076923 0.027730
0 0.454059 0.933533 0.076923 0.027730
0 0.454398 0.917541 0.076923 0.027730
0 0.454592 0.918915 0.076923 0.027730
0 0.455124 0.920026 0.076923 0.027730
0 0.429731 0.912941 0.076923 0.027730
0 0.446894 0.914431 0.076923 0.027730
0 0.442487 0.908323 0.076923 0.027730
0 0.453212 0.905977 0.076923 0.027730
0 0.453890 0.906602 0.076923 0.027730
0 0.452776 0.905005 0.076923 0.027730
0 0.488726 0.915875 0.076923 0.027730
0 0.449780 0.939126 0.076923 0.027730
0 0.445119 0.940457 0.076923 0.027730
0 0.441352 0.938297 0.076923 0.027730
0 0.440011 0.939047 0.076923 0.027730
0 0.440596 0.939560 0.076923 0.027730
0 0.430534 0.935713 0.076923 0.027730
0 0.430448 0.936187 0.076923 0.027730
0 0.431033 0.933672 0.076923 0.027730
0 0.431893 0.933386 0.076923 0.027730
0 0.433286 0.930437 0.076923 0.027730
0 0.427576 0.930624 0.076923 0.027730
0 0.437703 0.928932 0.076923 0.027730
0 0.439598 0.927962 0.076923 0.027730
0 0.446735 0.926453 0.076923 0.027730
0 0.452273 0.928326 0.076923 0.027730
0 0.444654 0.922557 0.076923 0.027730
0 0.430208 0.925131 0.076923 0.027730
0 0.428522 0.925979 0.076923 0.027730
0 0.430878 0.921127 0.076923 0.027730
0 0.432461 0.921472 0.076923 0.027730
0 0.427077 0.919825 0.076923 0.027730
0 0.423930 0.917804 0.076923 0.027730
0 0.425065 0.917488 0.076923 0.027730
0 0.426785 0.917291 0.076923 0.027730
0 0.426166 0.916847 0.076923 0.027730
0 0.424360 0.916462 0.076923 0.027730
0 0.423569 0.916610 0.076923 0.027730
0 0.422761 0.917113 0.076923 0.027730
0 0.439099 0.915082 0.076923 0.027730
0 0.439787 0.914766 0.076923 0.027730
0 0.437121 0.914135 0.076923 0.027730
0 0.436863 0.914273 0.076923 0.027730
0 0.438514 0.914529 0.076923 0.027730
0 0.434696 0.915170 0.076923 0.027730
0 0.435178 0.918691 0.076923 0.027730
0 0.439718 0.917656 0.076923 0.027730
0 0.433991 0.914805 0.076923 0.027730
0 0.427628 0.914263 0.076923 0.027730
0 0.426441 0.913050 0.076923 0.027730
0 0.426114 0.913070 0.076923 0.027730
0 0.431463 0.912330 0.076923 0.027730
0 0.432185 0.912586 0.076923 0.027730
0 0.431876 0.912113 0.076923 0.027730
0 0.427834 0.909776 0.076923 0.027730
0 0.433613 0.912005 0.076923 0.027730
0 0.436691 0.912024 0.076923 0.027730
0 0.437809 0.911521 0.076923 0.027730
0 0.434576 0.911304 0.076923 0.027730
0 0.433011 0.911403 0.076923 0.027730
0 0.434163 0.910032 0.076923 0.027730
0 0.427267 0.907567 0.076923 0.027730
0 0.428556 0.906600 0.076923 0.027730
0 0.431687 0.907892 0.076923 0.027730
0 0.441971 0.909588 0.076923 0.027730
0 0.443726 0.909233 0.076923 0.027730
0 0.435763 0.905101 0.076923 0.027730
0 0.434318 0.904282 0.076923 0.027730
0 0.433441 0.903740 0.076923 0.027730
0 0.431635 0.901728 0.076923 0.027730
0 0.431257 0.901393 0.076923 0.027730
0 0.431824 0.900732 0.076923 0.027730
0 0.431325 0.897162 0.076923 0.027730
0 0.431910 0.897902 0.076923 0.027730
0 0.443863 0.898444 0.076923 0.027730
0 0.446856 0.899361 0.076923 0.027730
0 0.447148 0.901146 0.076923 0.027730
0 0.445944 0.903119 0.076923 0.027730
0 0.443175 0.903217 0.076923 0.027730
0 0.442917 0.903799 0.076923 0.027730
0 0.451121 0.905150 0.076923 0.027730
0 0.452686 0.905446 0.076923 0.027730
0 0.453305 0.900476 0.076923 0.027730
0 0.453890 0.900278 0.076923 0.027730
0 0.452858 0.896600 0.076923 0.027730
0 0.451723 0.895959 0.076923 0.027730
0 0.448610 0.896807 0.076923 0.027730
0 0.447836 0.896827 0.076923 0.027730
0 0.447544 0.896186 0.076923 0.027730
0 0.447097 0.895988 0.076923 0.027730
0 0.444242 0.895594 0.076923 0.027730
0 0.445153 0.895673 0.076923 0.027730
0 0.448834 0.894835 0.076923 0.027730
0 0.450691 0.895219 0.076923 0.027730
0 0.450330 0.894549 0.076923 0.027730
0 0.449969 0.894055 0.076923 0.027730
0 0.447475 0.893868 0.076923 0.027730
0 0.444603 0.894134 0.076923 0.027730
0 0.441404 0.893986 0.076923 0.027730
0 0.439478 0.894154 0.076923 0.027730
0 0.440819 0.893375 0.076923 0.027730
0 0.433510 0.894036 0.076923 0.027730
0 0.436846 0.893227 0.076923 0.027730
0 0.439099 0.892882 0.076923 0.027730
0 0.461096 0.898868 0.076923 0.027730
0 0.462077 0.900239 0.076923 0.027730
0 0.462885 0.900495 0.076923 0.027730
0 0.457037 0.900821 0.076923 0.027730
0 0.470108 0.909342 0.076923 0.027730
0 0.472310 0.908139 0.076923 0.027730
0 0.473428 0.905870 0.076923 0.027730
0 0.450898 0.910003 0.076923 0.027730
0 0.452273 0.910703 0.076923 0.027730
0 0.453667 0.913030 0.076923 0.027730
0 0.446495 0.908434 0.076923 0.027730
0 0.445549 0.908454 0.076923 0.027730
0 0.446254 0.910446 0.076923 0.027730
0 0.447114 0.910545 0.076923 0.027730
0 0.445841 0.912794 0.076923 0.027730
0 0.447441 0.916640 0.076923 0.027730
0 0.446684 0.917103 0.076923 0.027730
0 0.448129 0.917202 0.076923 0.027730
0 0.452703 0.919658 0.076923 0.027730
0 0.453219 0.919194 0.076923 0.027730
0 0.453323 0.920190 0.076923 0.027730
0 0.454131 0.920072 0.076923 0.027730
0 0.455128 0.918731 0.076923 0.027730
0 0.455214 0.917350 0.076923 0.027730
0 0.455541 0.917498 0.076923 0.027730
0 0.458155 0.915762 0.076923 0.027730
0 0.465224 0.916186 0.076923 0.027730
0 0.465499 0.918563 0.076923 0.027730
0 0.460838 0.918593 0.076923 0.027730
0 0.456814 0.922814 0.076923 0.027730
0 0.461647 0.923573 0.076923 0.027730
0 0.463109 0.923247 0.076923 0.027730
0 0.464742 0.921600 0.076923 0.027730
0 0.471209 0.922991 0.076923 0.027730
0 0.468698 0.917389 0.076923 0.027730
0 0.471519 0.917301 0.076923 0.027730
0 0.471639 0.915101 0.076923 0.027730
0 0.472912 0.914233 0.076923 0.027730
0 0.478863 0.915989 0.076923 0.027730
0 0.480032 0.916304 0.076923 0.027730
0 0.478415 0.914924 0.076923 0.027730
0 0.474924 0.913040 0.076923 0.027730
0 0.472275 0.912823 0.076923 0.027730
0 0.476369 0.911216 0.076923 0.027730
0 0.480617 0.912557 0.076923 0.027730
0 0.474924 0.908296 0.076923 0.027730
0 0.475578 0.908553 0.076923 0.027730
0 0.476730 0.906876 0.076923 0.027730
0 0.480393 0.908513 0.076923 0.027730
0 0.487995 0.910387 0.076923 0.027730
0 0.487651 0.910644 0.076923 0.027730
0 0.485570 0.909322 0.076923 0.027730
0 0.488511 0.909746 0.076923 0.027730
0 0.492054 0.909795 0.076923 0.027730
0 0.493120 0.910160 0.076923 0.027730
0 0.493137 0.911886 0.076923 0.027730
0 0.491383 0.911965 0.076923 0.027730
0 0.492776 0.912429 0.076923 0.027730
0 0.486585 0.916078 0.076923 0.027730
0 0.489079 0.916719 0.076923 0.027730
0 0.488563 0.916581 0.076923 0.027730
0 0.491314 0.917093 0.076923 0.027730
0 0.491658 0.916413 0.076923 0.027730
0 0.488752 0.918188 0.076923 0.027730
0 0.487410 0.918533 0.076923 0.027730
0 0.484985 0.918869 0.076923 0.027730
0 0.486327 0.919944 0.076923 0.027730
0 0.487170 0.921048 0.076923 0.027730
0 0.487737 0.921965 0.076923 0.027730
0 0.485484 0.922735 0.076923 0.027730
0 0.484882 0.922340 0.076923 0.027730
0 0.484349 0.922005 0.076923 0.027730
0 0.482784 0.922360 0.076923 0.027730
0 0.478364 0.928514 0.076923 0.027730
0 0.479619 0.928997 0.076923 0.027730
0 0.474236 0.922685 0.076923 0.027730
0 0.469644 0.927350 0.076923 0.027730
0 0.465929 0.929155 0.076923 0.027730
0 0.465190 0.927034 0.076923 0.027730
0 0.464811 0.926887 0.076923 0.027730
0 0.463160 0.926048 0.076923 0.027730
0 0.457244 0.927863 0.076923 0.027730
0 0.464553 0.933593 0.076923 0.027730
0 0.464244 0.937094 0.076923 0.027730
0 0.460942 0.938129 0.076923 0.027730
0 0.460821 0.938997 0.076923 0.027730
0 0.460133 0.939658 0.076923 0.027730
0 0.457966 0.937410 0.076923 0.027730
0 0.458947 0.937419 0.076923 0.027730
0 0.456040 0.934658 0.076923 0.027730
0 0.454836 0.938189 0.076923 0.027730
0 0.451912 0.939293 0.076923 0.027730
0 0.450185 0.940445 0.076923 0.027730
0 0.432702 0.929106 0.076923 0.027730
0 0.439627 0.928818 0.076923 0.027730
0 0.447179 0.919326 0.076923 0.027730
0 0.447376 0.919049 0.076923 0.027730
0 0.444602 0.912923 0.076923 0.027730
0 0.444568 0.934367 0.076923 0.027730
0 0.443766 0.908184 0.076923 0.027730
0 0.443663 0.908809 0.076923 0.027730
0 0.481132 0.911157 0.076923 0.027730
0 0.477816 0.911519 0.076923 0.027730
0 0.432562 0.892832 0.076923 0.027730
0 0.450419 0.891762 0.076923 0.027730
0 0.455483 0.892781 0.076923 0.027730
0 0.484179 0.905058 0.076923 0.027730
0 0.495550 0.909898 0.076923 0.027730
0 0.495994 0.913413 0.076923 0.027730
0 0.492263 0.921054 0.076923 0.027730
0 0.484445 0.927371 0.076923 0.027730
0 0.461080 0.940158 0.076923 0.027730
0 0.456638 0.939903 0.076923 0.027730
0 0.446422 0.940719 0.076923 0.027730
0 0.434162 0.941381 0.076923 0.027730
0 0.429453 0.940515 0.076923 0.027730
0 0.428120 0.938528 0.076923 0.027730
0 0.427587 0.934249 0.076923 0.027730
0 0.426699 0.928441 0.076923 0.027730
0 0.421902 0.923602 0.076923 0.027730
0 0.420125 0.919322 0.076923 0.027730
0 0.422701 0.916266 0.076923 0.027730
0 0.424656 0.912190 0.076923 0.027730
0 0.424211 0.909490 0.076923 0.027730
0 0.436639 0.939747 0.076923 0.027730
0 0.434215 0.922951 0.076923 0.027730
0 0.434024 0.918296 0.076923 0.027730
0 0.434970 0.917168 0.076923 0.027730
0 0.436726 0.916247 0.076923 0.027730
0 0.436771 0.916480 0.076923 0.027730
0 0.437732 0.914320 0.076923 0.027730
0 0.437596 0.913760 0.076923 0.027730
0 0.433319 0.916643 0.076923 0.027730
0 0.435840 0.914182 0.076923 0.027730
0 0.454222 0.917133 0.076923 0.027730
0 0.453074 0.917341 0.076923 0.027730
0 0.470159 0.935129 0.076923 0.027730
0 0.469810 0.927055 0.076923 0.027730
0 0.470333 0.927055 0.076923 0.027730
0 0.470547 0.929903 0.076923 0.027730
0 0.470500 0.929072 0.076923 0.027730
0 0.443474 0.914490 0.076923 0.027730
0 0.459176 0.928262 0.076923 0.027730
0 0.456534 0.935279 0.076923 0.027730
0 0.456027 0.934962 0.076923 0.027730
0 0.421762 0.917524 0.076923 0.027730
0 0.477817 0.928833 0.076923 0.027730
0 0.429980 0.898788 0.076923 0.027730
0 0.454607 0.900726 0.076923 0.027730
0 0.450638 0.898841 0.076923 0.027730
0 0.451384 0.897840 0.076923 0.027730
0 0.449928 0.897813 0.076923 0.027730
0 0.453613 0.897608 0.076923 0.027730