0 0.477196 0.358413 0.056338 0.015842
0 0.476423 0.358780 0.056338 0.015842
0 0.460703 0.362823 0.056338 0.015842
0 0.460846 0.363533 0.056338 0.015842
0 0.474994 0.363560 0.056338 0.015842
0 0.472898 0.363915 0.056338 0.015842
0 0.461941 0.364106 0.056338 0.015842
0 0.465895 0.364270 0.056338 0.015842
0 0.472755 0.364270 0.056338 0.015842
0 0.485236 0.364434 0.056338 0.015842
0 0.463132 0.364680 0.056338 0.015842
0 0.486046 0.364844 0.056338 0.015842
0 0.487046 0.365063 0.056338 0.015842
0 0.463847 0.365090 0.056338 0.015842
0 0.483950 0.365172 0.056338 0.015842
0 0.460751 0.365582 0.056338 0.015842
0 0.459750 0.365663 0.056338 0.015842
0 0.481520 0.365773 0.056338 0.015842
0 0.460703 0.365964 0.056338 0.015842
0 0.462894 0.365964 0.056338 0.015842
0 0.464609 0.365937 0.056338 0.015842
0 0.465371 0.366182 0.056338 0.015842
0 0.467324 0.366237 0.056338 0.015842
0 0.466419 0.366319 0.056338 0.015842
0 0.486713 0.366510 0.056338 0.015842
0 0.479567 0.366674 0.056338 0.015842
0 0.462084 0.367139 0.056338 0.015842
0 0.468372 0.367139 0.056338 0.015842
0 0.479567 0.367275 0.056338 0.015842
0 0.457740 0.367319 0.056338 0.015842
0 0.476804 0.367439 0.056338 0.015842
0 0.469039 0.367685 0.056338 0.015842
0 0.462275 0.367767 0.056338 0.015842
0 0.473898 0.367767 0.056338 0.015842
0 0.468515 0.368122 0.056338 0.015842
0 0.462037 0.368259 0.056338 0.015842
0 0.463799 0.368286 0.056338 0.015842
0 0.464704 0.368340 0.056338 0.015842
0 0.470278 0.368368 0.056338 0.015842
0 0.463085 0.368586 0.056338 0.015842
0 0.461465 0.368696 0.056338 0.015842
0 0.464990 0.368859 0.056338 0.015842
0 0.469516 0.368859 0.056338 0.015842
0 0.461989 0.369023 0.056338 0.015842
0 0.472993 0.369023 0.056338 0.015842
0 0.469230 0.369133 0.056338 0.015842
0 0.464943 0.369433 0.056338 0.015842
0 0.466467 0.369406 0.056338 0.015842
0 0.472850 0.369433 0.056338 0.015842
0 0.473994 0.369597 0.056338 0.015842
0 0.462989 0.369624 0.056338 0.015842
0 0.473184 0.369679 0.056338 0.015842
0 0.471374 0.369734 0.056338 0.015842
0 0.470087 0.369979 0.056338 0.015842
0 0.467563 0.369979 0.056338 0.015842
0 0.471898 0.370171 0.056338 0.015842
0 0.476614 0.370171 0.056338 0.015842
0 0.478043 0.370444 0.056338 0.015842
0 0.457225 0.370662 0.056338 0.015842
0 0.476804 0.370881 0.056338 0.015842
0 0.477519 0.371099 0.056338 0.015842
0 0.459083 0.372165 0.056338 0.015842
0 0.462942 0.372274 0.056338 0.015842
0 0.473708 0.372383 0.056338 0.015842
0 0.475137 0.372411 0.056338 0.015842
0 0.473898 0.372602 0.056338 0.015842
0 0.474708 0.372793 0.056338 0.015842
0 0.469087 0.372820 0.056338 0.015842
0 0.475470 0.372930 0.056338 0.015842
0 0.469992 0.373148 0.056338 0.015842
0 0.472469 0.373175 0.056338 0.015842
0 0.469325 0.373476 0.056338 0.015842
0 0.463323 0.373585 0.056338 0.015842
0 0.462341 0.373736 0.056338 0.015842
0 0.468182 0.373694 0.056338 0.015842
0 0.459417 0.373858 0.056338 0.015842
0 0.465324 0.373913 0.056338 0.015842
0 0.471427 0.373886 0.056338 0.015842
0 0.463656 0.373940 0.056338 0.015842
0 0.468896 0.373995 0.056338 0.015842
0 0.469563 0.373968 0.056338 0.015842
0 0.462942 0.374077 0.056338 0.015842
0 0.474756 0.374050 0.056338 0.015842
0 0.467900 0.374025 0.056338 0.015842
0 0.472041 0.374214 0.056338 0.015842
0 0.466515 0.374377 0.056338 0.015842
0 0.465467 0.374405 0.056338 0.015842
0 0.476995 0.374432 0.056338 0.015842
0 0.470469 0.374651 0.056338 0.015842
0 0.476423 0.374651 0.056338 0.015842
0 0.466753 0.374733 0.056338 0.015842
0 0.465657 0.374869 0.056338 0.015842
0 0.468658 0.374924 0.056338 0.015842
0 0.477852 0.374951 0.056338 0.015842
0 0.468087 0.375060 0.056338 0.015842
0 0.465752 0.375170 0.056338 0.015842
0 0.467277 0.375470 0.056338 0.015842
0 0.476947 0.375743 0.056338 0.015842
0 0.470373 0.375825 0.056338 0.015842
0 0.471469 0.375771 0.056338 0.015842
0 0.469516 0.376044 0.056338 0.015842
0 0.463704 0.376208 0.056338 0.015842
0 0.467420 0.376426 0.056338 0.015842
0 0.470183 0.376399 0.056338 0.015842
0 0.470993 0.376399 0.056338 0.015842
0 0.467944 0.376918 0.056338 0.015842
0 0.474899 0.378775 0.056338 0.015842
0 0.487046 0.383583 0.056338 0.015842
0 0.499003 0.357168 0.056338 0.015842
0 0.500051 0.358534 0.056338 0.015842
0 0.489666 0.358807 0.056338 0.015842
0 0.505482 0.358862 0.056338 0.015842
0 0.498384 0.359189 0.056338 0.015842
0 0.515343 0.359872 0.056338 0.015842
0 0.511940 0.360227 0.056338 0.015842
0 0.487745 0.360583 0.056338 0.015842
0 0.511940 0.364981 0.056338 0.015842
0 0.492715 0.365800 0.056338 0.015842
0 0.494287 0.365937 0.056338 0.015842
0 0.499003 0.366620 0.056338 0.015842
0 0.495145 0.371700 0.056338 0.015842
0 0.493057 0.378645 0.056338 0.015842
0 0.492810 0.381671 0.056338 0.015842
0 0.476334 0.385136 0.056338 0.015842
0 0.487869 0.385699 0.056338 0.015842
0 0.496913 0.383144 0.056338 0.015842
0 0.506875 0.380100 0.056338 0.015842
0 0.519655 0.377995 0.056338 0.015842
0 0.525357 0.373598 0.056338 0.015842
0 0.525947 0.364503 0.056338 0.015842
0 0.522998 0.360069 0.056338 0.015842
0 0.519459 0.357363 0.056338 0.015842
0 0.500452 0.355860 0.056338 0.015842
0 0.480529 0.357626 0.056338 0.015842
0 0.471091 0.357701 0.056338 0.015842
0 0.458377 0.362211 0.056338 0.015842
0 0.456935 0.373072 0.056338 0.015842
0 0.488001 0.385383 0.056338 0.015842
0 0.487321 0.384241 0.056338 0.015842
0 0.488248 0.384754 0.056338 0.015842
0 0.487584 0.382832 0.056338 0.015842
0 0.488851 0.382664 0.056338 0.015842
0 0.488742 0.382858 0.056338 0.015842
0 0.493764 0.383346 0.056338 0.015842
0 0.490457 0.376958 0.056338 0.015842
0 0.490318 0.377330 0.056338 0.015842
0 0.490643 0.377569 0.056338 0.015842
0 0.492033 0.378314 0.056338 0.015842
0 0.492157 0.376090 0.056338 0.015842
0 0.481682 0.380148 0.056338 0.015842
0 0.479503 0.381042 0.056338 0.015842
0 0.467566 0.379779 0.056338 0.015842
0 0.468337 0.379691 0.056338 0.015842
0 0.468589 0.379369 0.056338 0.015842
0 0.469023 0.379108 0.056338 0.015842
0 0.469709 0.379496 0.056338 0.015842
0 0.471267 0.379486 0.056338 0.015842
0 0.471051 0.378760 0.056338 0.015842
0 0.469651 0.378296 0.056338 0.015842
0 0.477629 0.378776 0.056338 0.015842
0 0.480104 0.378787 0.056338 0.015842
0 0.481296 0.378589 0.056338 0.015842
0 0.480685 0.378349 0.056338 0.015842
0 0.479279 0.378291 0.056338 0.015842
0 0.479798 0.377683 0.056338 0.015842
0 0.480216 0.377152 0.056338 0.015842
0 0.480511 0.376025 0.056338 0.015842
0 0.468573 0.377461 0.056338 0.015842
0 0.470560 0.376924 0.056338 0.015842
0 0.469399 0.376615 0.056338 0.015842
0 0.468930 0.376264 0.056338 0.015842
0 0.471752 0.376562 0.056338 0.015842
0 0.472251 0.376358 0.056338 0.015842
0 0.473167 0.376229 0.056338 0.015842
0 0.472037 0.375820 0.056338 0.015842
0 0.470957 0.375884 0.056338 0.015842
0 0.470886 0.376077 0.056338 0.015842
0 0.470091 0.375744 0.056338 0.015842
0 0.468991 0.375663 0.056338 0.015842
0 0.469449 0.375674 0.056338 0.015842
0 0.470244 0.375271 0.056338 0.015842
0 0.469124 0.375300 0.056338 0.015842
0 0.468482 0.375429 0.056338 0.015842
0 0.469307 0.374891 0.056338 0.015842
0 0.468665 0.374710 0.056338 0.015842
0 0.469663 0.374629 0.056338 0.015842
0 0.464285 0.376749 0.056338 0.015842
0 0.465966 0.375978 0.056338 0.015842
0 0.465579 0.375884 0.056338 0.015842
0 0.466434 0.375727 0.056338 0.015842
0 0.463949 0.374868 0.056338 0.015842
0 0.471375 0.374740 0.056338 0.015842
0 0.472006 0.374594 0.056338 0.015842
0 0.474522 0.374377 0.056338 0.015842
0 0.474013 0.374296 0.056338 0.015842
0 0.474267 0.374132 0.056338 0.015842
0 0.475164 0.374179 0.056338 0.015842
0 0.470875 0.374150 0.056338 0.015842
0 0.472403 0.374103 0.056338 0.015842
0 0.472913 0.374091 0.056338 0.015842
0 0.473310 0.373904 0.056338 0.015842
0 0.473972 0.373799 0.056338 0.015842
0 0.474919 0.373671 0.056338 0.015842
0 0.474716 0.373758 0.056338 0.015842
0 0.475337 0.373899 0.056338 0.015842
0 0.459443 0.372862 0.056338 0.015842
0 0.459924 0.373826 0.056338 0.015842
0 0.460177 0.373544 0.056338 0.015842
0 0.459873 0.373254 0.056338 0.015842
0 0.461314 0.374196 0.056338 0.015842
0 0.462224 0.374174 0.056338 0.015842
0 0.464360 0.374544 0.056338 0.015842
0 0.464638 0.374348 0.056338 0.015842
0 0.464638 0.374087 0.056338 0.015842
0 0.465081 0.374218 0.056338 0.015842
0 0.465801 0.374500 0.056338 0.015842
0 0.464385 0.373703 0.056338 0.015842
0 0.463614 0.373363 0.056338 0.015842
0 0.472829 0.371739 0.056338 0.015842
0 0.472588 0.371906 0.056338 0.015842
0 0.472374 0.372225 0.056338 0.015842
0 0.473423 0.372043 0.056338 0.015842
0 0.473435 0.371768 0.056338 0.015842
0 0.473650 0.371514 0.056338 0.015842
0 0.471805 0.372036 0.056338 0.015842
0 0.472677 0.372420 0.056338 0.015842
0 0.473385 0.372739 0.056338 0.015842
0 0.474055 0.373036 0.056338 0.015842
0 0.473663 0.373290 0.056338 0.015842
0 0.474143 0.373370 0.056338 0.015842
0 0.471893 0.372928 0.056338 0.015842
0 0.469858 0.375037 0.056338 0.015842
0 0.467710 0.372630 0.056338 0.015842
0 0.466850 0.373239 0.056338 0.015842
0 0.466206 0.373507 0.056338 0.015842
0 0.466294 0.373884 0.056338 0.015842
0 0.465788 0.373283 0.056338 0.015842
0 0.465333 0.372746 0.056338 0.015842
0 0.464626 0.372007 0.056338 0.015842
0 0.463943 0.371913 0.056338 0.015842
0 0.464006 0.371261 0.056338 0.015842
0 0.462818 0.371485 0.056338 0.015842
0 0.462553 0.371152 0.056338 0.015842
0 0.463362 0.372109 0.056338 0.015842
0 0.462338 0.372761 0.056338 0.015842
0 0.457889 0.371572 0.056338 0.015842
0 0.458495 0.371819 0.056338 0.015842
0 0.458647 0.371522 0.056338 0.015842
0 0.459519 0.371253 0.056338 0.015842
0 0.460240 0.370558 0.056338 0.015842
0 0.460619 0.370152 0.056338 0.015842
0 0.458015 0.370855 0.056338 0.015842
0 0.461276 0.369152 0.056338 0.015842
0 0.460884 0.369594 0.056338 0.015842
0 0.462123 0.369456 0.056338 0.015842
0 0.462363 0.370007 0.056338 0.015842
0 0.463741 0.370652 0.056338 0.015842
0 0.467078 0.369731 0.056338 0.015842
0 0.467520 0.369724 0.056338 0.015842
0 0.468089 0.369746 0.056338 0.015842
0 0.468556 0.369789 0.056338 0.015842
0 0.468240 0.369963 0.056338 0.015842
0 0.468455 0.370145 0.056338 0.015842
0 0.469517 0.369847 0.056338 0.015842
0 0.468746 0.369340 0.056338 0.015842
0 0.468190 0.368644 0.056338 0.015842
0 0.468468 0.368782 0.056338 0.015842
0 0.466648 0.369086 0.056338 0.015842
0 0.466193 0.369166 0.056338 0.015842
0 0.464790 0.369717 0.056338 0.015842
0 0.464006 0.369789 0.056338 0.015842
0 0.463539 0.370029 0.056338 0.015842
0 0.463298 0.370492 0.056338 0.015842
0 0.463981 0.370021 0.056338 0.015842
0 0.463324 0.369325 0.056338 0.015842
0 0.462679 0.369333 0.056338 0.015842
0 0.462325 0.368869 0.056338 0.015842
0 0.463627 0.368753 0.056338 0.015842
0 0.463185 0.368057 0.056338 0.015842
0 0.462793 0.367543 0.056338 0.015842
0 0.464006 0.367499 0.056338 0.015842
0 0.463387 0.367463 0.056338 0.015842
0 0.463665 0.367267 0.056338 0.015842
0 0.463096 0.367187 0.056338 0.015842
0 0.464777 0.367477 0.056338 0.015842
0 0.465119 0.367593 0.056338 0.015842
0 0.465763 0.367434 0.056338 0.015842
0 0.466319 0.367601 0.056338 0.015842
0 0.465662 0.367861 0.056338 0.015842
0 0.465283 0.368050 0.056338 0.015842
0 0.466307 0.368043 0.056338 0.015842
0 0.465991 0.368253 0.056338 0.015842
0 0.465333 0.368506 0.056338 0.015842
0 0.466484 0.368456 0.056338 0.015842
0 0.466243 0.368782 0.056338 0.015842
0 0.467153 0.368876 0.056338 0.015842
0 0.466977 0.368593 0.056338 0.015842
0 0.467419 0.368695 0.056338 0.015842
0 0.467621 0.368173 0.056338 0.015842
0 0.467684 0.367912 0.056338 0.015842
0 0.467356 0.367847 0.056338 0.015842
0 0.467090 0.367716 0.056338 0.015842
0 0.467937 0.367390 0.056338 0.015842
0 0.467191 0.367245 0.056338 0.015842
0 0.470098 0.369405 0.056338 0.015842
0 0.470490 0.369514 0.056338 0.015842
0 0.470844 0.369644 0.056338 0.015842
0 0.471274 0.369412 0.056338 0.015842
0 0.471830 0.369521 0.056338 0.015842
0 0.472386 0.369557 0.056338 0.015842
0 0.471691 0.369876 0.056338 0.015842
0 0.472171 0.369195 0.056338 0.015842
0 0.471249 0.369057 0.056338 0.015842
0 0.470832 0.369057 0.056338 0.015842
0 0.471400 0.368521 0.056338 0.015842
0 0.472121 0.368506 0.056338 0.015842
0 0.472058 0.368796 0.056338 0.015842
0 0.472551 0.368992 0.056338 0.015842
0 0.473006 0.368695 0.056338 0.015842
0 0.473132 0.368260 0.056338 0.015842
0 0.474042 0.368775 0.056338 0.015842
0 0.474585 0.369043 0.056338 0.015842
0 0.474244 0.369231 0.056338 0.015842
0 0.474775 0.369528 0.056338 0.015842
0 0.475053 0.369862 0.056338 0.015842
0 0.475496 0.369159 0.056338 0.015842
0 0.476330 0.369231 0.056338 0.015842
0 0.476266 0.369492 0.056338 0.015842
0 0.475925 0.369659 0.056338 0.015842
0 0.475483 0.369470 0.056338 0.015842
0 0.475116 0.369550 0.056338 0.015842
0 0.475913 0.370000 0.056338 0.015842
0 0.475913 0.370318 0.056338 0.015842
0 0.475521 0.370587 0.056338 0.015842
0 0.474952 0.370362 0.056338 0.015842
0 0.474901 0.370891 0.056338 0.015842
0 0.473498 0.370558 0.056338 0.015842
0 0.473764 0.370753 0.056338 0.015842
0 0.475597 0.370855 0.056338 0.015842
0 0.475761 0.371754 0.056338 0.015842
0 0.476545 0.371906 0.056338 0.015842
0 0.476469 0.371717 0.056338 0.015842
0 0.476443 0.371427 0.056338 0.015842
0 0.476127 0.371304 0.056338 0.015842
0 0.476696 0.370405 0.056338 0.015842
0 0.476861 0.369427 0.056338 0.015842
0 0.470377 0.365412 0.056338 0.015842
0 0.476165 0.367238 0.056338 0.015842
0 0.474927 0.367108 0.056338 0.015842
0 0.474307 0.366774 0.056338 0.015842
0 0.473789 0.366506 0.056338 0.015842
0 0.473638 0.367499 0.056338 0.015842
0 0.473461 0.367985 0.056338 0.015842
0 0.472765 0.367477 0.056338 0.015842
0 0.473182 0.367340 0.056338 0.015842
0 0.471173 0.367441 0.056338 0.015842
0 0.470553 0.367521 0.056338 0.015842
0 0.470718 0.367854 0.056338 0.015842
0 0.471034 0.368159 0.056338 0.015842
0 0.471413 0.368064 0.056338 0.015842
0 0.471754 0.368064 0.056338 0.015842
0 0.469921 0.367724 0.056338 0.015842
0 0.469719 0.368246 0.056338 0.015842
0 0.469517 0.367376 0.056338 0.015842
0 0.469947 0.367390 0.056338 0.015842
0 0.470339 0.367086 0.056338 0.015842
0 0.470212 0.366753 0.056338 0.015842
0 0.469391 0.366470 0.056338 0.015842
0 0.469011 0.366644 0.056338 0.015842
0 0.468582 0.366840 0.056338 0.015842
0 0.468089 0.366782 0.056338 0.015842
0 0.467646 0.367079 0.056338 0.015842
0 0.467229 0.366731 0.056338 0.015842
0 0.466066 0.365578 0.056338 0.015842
0 0.465371 0.365202 0.056338 0.015842
0 0.465548 0.364883 0.056338 0.015842
0 0.463589 0.365709 0.056338 0.015842
0 0.463930 0.366115 0.056338 0.015842
0 0.464297 0.366905 0.056338 0.015842
0 0.460328 0.366042 0.056338 0.015842
0 0.460214 0.365441 0.056338 0.015842
0 0.459443 0.365129 0.056338 0.015842
0 0.458698 0.364817 0.056338 0.015842
0 0.459608 0.364549 0.056338 0.015842
0 0.460202 0.364984 0.056338 0.015842
0 0.461630 0.364955 0.056338 0.015842
0 0.462237 0.365071 0.056338 0.015842
0 0.464701 0.364484 0.056338 0.015842
0 0.466673 0.364593 0.056338 0.015842
0 0.467596 0.364310 0.056338 0.015842
0 0.468152 0.364158 0.056338 0.015842
0 0.469075 0.364165 0.056338 0.015842
0 0.470023 0.364701 0.056338 0.015842
0 0.469681 0.365223 0.056338 0.015842
0 0.468177 0.365303 0.056338 0.015842
0 0.468670 0.365020 0.056338 0.015842
0 0.467179 0.364730 0.056338 0.015842
0 0.467217 0.365694 0.056338 0.015842
0 0.466850 0.366100 0.056338 0.015842
0 0.467975 0.365731 0.056338 0.015842
0 0.468481 0.365702 0.056338 0.015842
0 0.468278 0.365963 0.056338 0.015842
0 0.459178 0.363549 0.056338 0.015842
0 0.460050 0.363259 0.056338 0.015842
0 0.460796 0.362534 0.056338 0.015842
0 0.461706 0.362143 0.056338 0.015842
0 0.461238 0.362339 0.056338 0.015842
0 0.462313 0.362476 0.056338 0.015842
0 0.462641 0.362802 0.056338 0.015842
0 0.462818 0.362136 0.056338 0.015842
0 0.469542 0.361092 0.056338 0.015842
0 0.468000 0.360585 0.056338 0.015842
0 0.465675 0.361179 0.056338 0.015842
0 0.464145 0.361208 0.056338 0.015842
0 0.479123 0.367485 0.056338 0.015842
0 0.474282 0.368209 0.056338 0.015842
0 0.476342 0.368557 0.056338 0.015842
0 0.478289 0.369108 0.056338 0.015842
0 0.477720 0.369195 0.056338 0.015842
0 0.478099 0.368746 0.056338 0.015842
0 0.477012 0.368789 0.056338 0.015842
0 0.476254 0.368796 0.056338 0.015842
0 0.481980 0.369992 0.056338 0.015842
0 0.482156 0.369710 0.056338 0.015842
0 0.485670 0.368927 0.056338 0.015842
0 0.482119 0.368659 0.056338 0.015842
0 0.482751 0.368246 0.056338 0.015842
0 0.481512 0.367919 0.056338 0.015842
0 0.482245 0.367572 0.056338 0.015842
0 0.482675 0.367724 0.056338 0.015842
0 0.480690 0.367245 0.056338 0.015842
0 0.481436 0.367209 0.056338 0.015842
0 0.481727 0.367528 0.056338 0.015842
0 0.479527 0.368449 0.056338 0.015842
0 0.479641 0.369550 0.056338 0.015842
0 0.480551 0.369710 0.056338 0.015842
0 0.478997 0.370587 0.056338 0.015842
0 0.479047 0.370398 0.056338 0.015842
0 0.478137 0.371703 0.056338 0.015842
0 0.477556 0.371703 0.056338 0.015842
0 0.478200 0.372246 0.056338 0.015842
0 0.477834 0.372703 0.056338 0.015842
0 0.478289 0.372688 0.056338 0.015842
0 0.477897 0.373225 0.056338 0.015842
0 0.477265 0.373761 0.056338 0.015842
0 0.477012 0.373500 0.056338 0.015842
0 0.476722 0.373044 0.056338 0.015842
0 0.476406 0.372587 0.056338 0.015842
0 0.476052 0.372855 0.056338 0.015842
0 0.476090 0.373435 0.056338 0.015842
0 0.476026 0.373181 0.056338 0.015842
0 0.475369 0.373348 0.056338 0.015842
0 0.476153 0.373797 0.056338 0.015842
0 0.476140 0.374174 0.056338 0.015842
0 0.478681 0.374682 0.056338 0.015842
0 0.478896 0.374363 0.056338 0.015842
0 0.478807 0.373797 0.056338 0.015842
0 0.479856 0.374761 0.056338 0.015842
0 0.485367 0.371703 0.056338 0.015842
0 0.487035 0.371790 0.056338 0.015842
0 0.481765 0.364868 0.056338 0.015842
0 0.481613 0.365383 0.056338 0.015842
0 0.481815 0.366035 0.056338 0.015842
0 0.481272 0.366035 0.056338 0.015842
0 0.480412 0.366006 0.056338 0.015842
0 0.478403 0.366064 0.056338 0.015842
0 0.479237 0.366854 0.056338 0.015842
0 0.487048 0.366513 0.056338 0.015842
0 0.486808 0.366115 0.056338 0.015842
0 0.486277 0.365941 0.056338 0.015842
0 0.485974 0.366158 0.056338 0.015842
0 0.486365 0.366238 0.056338 0.015842
0 0.486416 0.365673 0.056338 0.015842
0 0.486757 0.365680 0.056338 0.015842
0 0.487351 0.365694 0.056338 0.015842
0 0.487591 0.365796 0.056338 0.015842
0 0.487945 0.366180 0.056338 0.015842
0 0.487794 0.366231 0.056338 0.015842
0 0.488577 0.366492 0.056338 0.015842
0 0.488792 0.366071 0.056338 0.015842
0 0.489892 0.367477 0.056338 0.015842
0 0.490359 0.368122 0.056338 0.015842
0 0.489412 0.368202 0.056338 0.015842
0 0.487895 0.368506 0.056338 0.015842
0 0.488211 0.368427 0.056338 0.015842
0 0.489045 0.368854 0.056338 0.015842
0 0.491510 0.370021 0.056338 0.015842
0 0.490119 0.370558 0.056338 0.015842
0 0.475369 0.364187 0.056338 0.015842
0 0.475811 0.364035 0.056338 0.015842
0 0.476759 0.363513 0.056338 0.015842
0 0.476759 0.362831 0.056338 0.015842
0 0.476418 0.363056 0.056338 0.015842
0 0.477353 0.363165 0.056338 0.015842
0 0.477745 0.362049 0.056338 0.015842
0 0.479313 0.362020 0.056338 0.015842
0 0.479186 0.361476 0.056338 0.015842
0 0.479629 0.360969 0.056338 0.015842
0 0.480539 0.360374 0.056338 0.015842
0 0.481133 0.360911 0.056338 0.015842
0 0.481866 0.360099 0.056338 0.015842
0 0.485241 0.359860 0.056338 0.015842
0 0.485898 0.359693 0.056338 0.015842
0 0.484520 0.359534 0.056338 0.015842
0 0.483016 0.359411 0.056338 0.015842
0 0.484520 0.361150 0.056338 0.015842
0 0.484128 0.360715 0.056338 0.015842
0 0.483800 0.361672 0.056338 0.015842
0 0.484874 0.361389 0.056338 0.015842
0 0.483901 0.362237 0.056338 0.015842
0 0.483913 0.362592 0.056338 0.015842
0 0.484710 0.362513 0.056338 0.015842
0 0.484785 0.362165 0.056338 0.015842
0 0.483016 0.363397 0.056338 0.015842
0 0.483926 0.363390 0.056338 0.015842
0 0.484255 0.363078 0.056338 0.015842
0 0.485089 0.363201 0.056338 0.015842
0 0.484014 0.363266 0.056338 0.015842
0 0.483850 0.364100 0.056338 0.015842
0 0.484457 0.364143 0.056338 0.015842
0 0.484798 0.364245 0.056338 0.015842
0 0.483243 0.365223 0.056338 0.015842
0 0.482333 0.365296 0.056338 0.015842
0 0.483686 0.366006 0.056338 0.015842
0 0.484937 0.365868 0.056338 0.015842
0 0.483964 0.365702 0.056338 0.015842
0 0.482839 0.365622 0.056338 0.015842
0 0.485076 0.364767 0.056338 0.015842
0 0.485342 0.364868 0.056338 0.015842
0 0.484962 0.365346 0.056338 0.015842
0 0.485417 0.365252 0.056338 0.015842
0 0.490043 0.366825 0.056338 0.015842
0 0.490208 0.366187 0.056338 0.015842
0 0.489942 0.365796 0.056338 0.015842
0 0.490233 0.365281 0.056338 0.015842
0 0.490663 0.365832 0.056338 0.015842
0 0.492205 0.365926 0.056338 0.015842
0 0.492230 0.362397 0.056338 0.015842
0 0.491333 0.362114 0.056338 0.015842
0 0.491699 0.362020 0.056338 0.015842
0 0.492167 0.362070 0.056338 0.015842
0 0.492685 0.362027 0.056338 0.015842
0 0.493140 0.361795 0.056338 0.015842
0 0.493355 0.362179 0.056338 0.015842
0 0.493823 0.361889 0.056338 0.015842
0 0.494227 0.361889 0.056338 0.015842
0 0.494846 0.361715 0.056338 0.015842
0 0.495491 0.361614 0.056338 0.015842
0 0.494632 0.362317 0.056338 0.015842
0 0.494897 0.362411 0.056338 0.015842
0 0.494910 0.362665 0.056338 0.015842
0 0.495377 0.362744 0.056338 0.015842
0 0.495580 0.362513 0.056338 0.015842
0 0.496022 0.362773 0.056338 0.015842
0 0.495946 0.362397 0.056338 0.015842
0 0.496098 0.362114 0.056338 0.015842
0 0.497311 0.362984 0.056338 0.015842
0 0.496970 0.363100 0.056338 0.015842
0 0.496768 0.363687 0.056338 0.015842
0 0.496275 0.363926 0.056338 0.015842
0 0.496022 0.364143 0.056338 0.015842
0 0.496704 0.364201 0.056338 0.015842
0 0.497159 0.364375 0.056338 0.015842
0 0.497728 0.364680 0.056338 0.015842
0 0.495883 0.364636 0.056338 0.015842
0 0.494809 0.364455 0.056338 0.015842
0 0.493709 0.365513 0.056338 0.015842
0 0.493254 0.365259 0.056338 0.015842
0 0.493848 0.364948 0.056338 0.015842
0 0.495125 0.365281 0.056338 0.015842
0 0.494670 0.364730 0.056338 0.015842
0 0.495036 0.364991 0.056338 0.015842
0 0.496072 0.365100 0.056338 0.015842
0 0.496401 0.364933 0.056338 0.015842
0 0.496148 0.365441 0.056338 0.015842
0 0.495643 0.365375 0.056338 0.015842
0 0.495213 0.365955 0.056338 0.015842
0 0.496351 0.366049 0.056338 0.015842
0 0.496376 0.366376 0.056338 0.015842
0 0.496970 0.366535 0.056338 0.015842
0 0.497615 0.366673 0.056338 0.015842
0 0.490966 0.365839 0.056338 0.015842
0 0.489892 0.366216 0.056338 0.015842
0 0.489386 0.366325 0.056338 0.015842
0 0.488843 0.364665 0.056338 0.015842
0 0.488539 0.364375 0.056338 0.015842
0 0.487554 0.364346 0.056338 0.015842
0 0.487907 0.364535 0.056338 0.015842
0 0.488375 0.364455 0.056338 0.015842
0 0.486315 0.363484 0.056338 0.015842
0 0.486214 0.363817 0.056338 0.015842
0 0.487667 0.363846 0.056338 0.015842
0 0.488742 0.363890 0.056338 0.015842
0 0.487680 0.363303 0.056338 0.015842
0 0.487301 0.362933 0.056338 0.015842
0 0.488173 0.362744 0.056338 0.015842
0 0.489159 0.362687 0.056338 0.015842
0 0.488198 0.362172 0.056338 0.015842
0 0.487794 0.362012 0.056338 0.015842
0 0.487756 0.361737 0.056338 0.015842
0 0.487983 0.361701 0.056338 0.015842
0 0.487705 0.361505 0.056338 0.015842
0 0.488173 0.361483 0.056338 0.015842
0 0.486858 0.361541 0.056338 0.015842
0 0.487187 0.361273 0.056338 0.015842
0 0.486151 0.361266 0.056338 0.015842
0 0.486201 0.361657 0.056338 0.015842
0 0.485986 0.362186 0.056338 0.015842
0 0.485430 0.361976 0.056338 0.015842
0 0.485127 0.362259 0.056338 0.015842
0 0.486555 0.362505 0.056338 0.015842
0 0.486795 0.362302 0.056338 0.015842
0 0.487162 0.362194 0.056338 0.015842
0 0.487364 0.361846 0.056338 0.015842
0 0.489184 0.362027 0.056338 0.015842
0 0.482536 0.358512 0.056338 0.015842
0 0.483155 0.358113 0.056338 0.015842
0 0.483458 0.357990 0.056338 0.015842
0 0.483623 0.357751 0.056338 0.015842
0 0.484343 0.357367 0.056338 0.015842
0 0.485632 0.357323 0.056338 0.015842
0 0.482864 0.358976 0.056338 0.015842
0 0.485089 0.359164 0.056338 0.015842
0 0.486656 0.359541 0.056338 0.015842
0 0.486871 0.359374 0.056338 0.015842
0 0.487187 0.359700 0.056338 0.015842
0 0.487225 0.359461 0.056338 0.015842
0 0.487086 0.359171 0.056338 0.015842
0 0.486365 0.359092 0.056338 0.015842
0 0.486846 0.358838 0.056338 0.015842
0 0.486290 0.358563 0.056338 0.015842
0 0.487023 0.358534 0.056338 0.015842
0 0.487566 0.358758 0.056338 0.015842
0 0.487718 0.359063 0.056338 0.015842
0 0.488059 0.358910 0.056338 0.015842
0 0.488501 0.359026 0.056338 0.015842
0 0.488691 0.359396 0.056338 0.015842
0 0.488350 0.359896 0.056338 0.015842
0 0.487124 0.359990 0.056338 0.015842
0 0.487945 0.360374 0.056338 0.015842
0 0.488110 0.360186 0.056338 0.015842
0 0.488577 0.360701 0.056338 0.015842
0 0.485835 0.361034 0.056338 0.015842
0 0.488464 0.361070 0.056338 0.015842
0 0.488805 0.361150 0.056338 0.015842
0 0.489399 0.361607 0.056338 0.015842
0 0.488451 0.361788 0.056338 0.015842
0 0.490132 0.361947 0.056338 0.015842
0 0.490675 0.361715 0.056338 0.015842
0 0.490852 0.361491 0.056338 0.015842
0 0.490865 0.361266 0.056338 0.015842
0 0.490233 0.361106 0.056338 0.015842
0 0.489816 0.361128 0.056338 0.015842
0 0.489879 0.361469 0.056338 0.015842
0 0.490107 0.360759 0.056338 0.015842
0 0.489942 0.360563 0.056338 0.015842
0 0.490435 0.360592 0.056338 0.015842
0 0.489020 0.360389 0.056338 0.015842
0 0.488969 0.360157 0.056338 0.015842
0 0.489462 0.360237 0.056338 0.015842
0 0.489045 0.359882 0.056338 0.015842
0 0.489702 0.359751 0.056338 0.015842
0 0.489323 0.358860 0.056338 0.015842
0 0.488464 0.358577 0.056338 0.015842
0 0.488843 0.358831 0.056338 0.015842
0 0.489020 0.358541 0.056338 0.015842
0 0.488944 0.358164 0.056338 0.015842
0 0.488767 0.357990 0.056338 0.015842
0 0.487983 0.358164 0.056338 0.015842
0 0.487629 0.357917 0.056338 0.015842
0 0.487086 0.357867 0.056338 0.015842
0 0.487604 0.357715 0.056338 0.015842
0 0.487516 0.357504 0.056338 0.015842
0 0.487604 0.357091 0.056338 0.015842
0 0.487907 0.357106 0.056338 0.015842
0 0.487933 0.357294 0.056338 0.015842
0 0.488135 0.357171 0.056338 0.015842
0 0.488552 0.357019 0.056338 0.015842
0 0.488956 0.356946 0.056338 0.015842
0 0.489222 0.357055 0.056338 0.015842
0 0.489588 0.357193 0.056338 0.015842
0 0.489083 0.357301 0.056338 0.015842
0 0.488805 0.357251 0.056338 0.015842
0 0.489386 0.357504 0.056338 0.015842
0 0.489841 0.357802 0.056338 0.015842
0 0.489133 0.357765 0.056338 0.015842
0 0.488931 0.357780 0.056338 0.015842
0 0.488312 0.357613 0.056338 0.015842
0 0.489955 0.358193 0.056338 0.015842
0 0.490435 0.357859 0.056338 0.015842
0 0.491042 0.357562 0.056338 0.015842
0 0.490675 0.357454 0.056338 0.015842
0 0.491548 0.357207 0.056338 0.015842
0 0.491333 0.356954 0.056338 0.015842
0 0.490486 0.356968 0.056338 0.015842
0 0.489841 0.356946 0.056338 0.015842
0 0.488249 0.359584 0.056338 0.015842
0 0.488084 0.359729 0.056338 0.015842
0 0.487844 0.359874 0.056338 0.015842
0 0.489285 0.360809 0.056338 0.015842
0 0.491320 0.361614 0.056338 0.015842
0 0.491762 0.361636 0.056338 0.015842
0 0.492205 0.361541 0.056338 0.015842
0 0.492609 0.361614 0.056338 0.015842
0 0.492664 0.357531 0.056338 0.015842
0 0.491765 0.357505 0.056338 0.015842
0 0.491799 0.357812 0.056338 0.015842
0 0.491412 0.358230 0.056338 0.015842
0 0.490467 0.358380 0.056338 0.015842
0 0.489966 0.358647 0.056338 0.015842
0 0.490319 0.358817 0.056338 0.015842
0 0.489978 0.359078 0.056338 0.015842
0 0.490945 0.359045 0.056338 0.015842
0 0.490729 0.359437 0.056338 0.015842
0 0.490763 0.359613 0.056338 0.015842
0 0.490832 0.359940 0.056338 0.015842
0 0.491310 0.359861 0.056338 0.015842
0 0.495351 0.361180 0.056338 0.015842
0 0.493677 0.361213 0.056338 0.015842
0 0.492653 0.361226 0.056338 0.015842
0 0.493028 0.360736 0.056338 0.015842
0 0.491981 0.360625 0.056338 0.015842
0 0.491537 0.360697 0.056338 0.015842
0 0.496944 0.359620 0.056338 0.015842
0 0.497047 0.358732 0.056338 0.015842
0 0.497229 0.358419 0.056338 0.015842
0 0.497536 0.357492 0.056338 0.015842
0 0.494872 0.357681 0.056338 0.015842
0 0.494429 0.357544 0.056338 0.015842
0 0.494155 0.356519 0.056338 0.015842
0 0.493154 0.356604 0.056338 0.015842
0 0.493461 0.357100 0.056338 0.015842
0 0.493051 0.357512 0.056338 0.015842
0 0.493598 0.357727 0.056338 0.015842
0 0.493290 0.357936 0.056338 0.015842
0 0.493108 0.358288 0.056338 0.015842
0 0.492175 0.358367 0.056338 0.015842
0 0.492903 0.358484 0.056338 0.015842
0 0.491367 0.358837 0.056338 0.015842
0 0.491788 0.358797 0.056338 0.015842
0 0.492038 0.359006 0.056338 0.015842
0 0.492141 0.359372 0.056338 0.015842
0 0.493063 0.358928 0.056338 0.015842
0 0.494155 0.358106 0.056338 0.015842
0 0.494485 0.357982 0.056338 0.015842
0 0.494884 0.358256 0.056338 0.015842
0 0.494622 0.358582 0.056338 0.015842
0 0.493803 0.358478 0.056338 0.015842
0 0.492835 0.358732 0.056338 0.015842
0 0.497878 0.364287 0.056338 0.015842
0 0.497695 0.363634 0.056338 0.015842
0 0.497616 0.363301 0.056338 0.015842
0 0.497900 0.363203 0.056338 0.015842
0 0.497707 0.363092 0.056338 0.015842
0 0.498082 0.362283 0.056338 0.015842
0 0.497456 0.362681 0.056338 0.015842
0 0.497308 0.362368 0.056338 0.015842
0 0.497536 0.362028 0.056338 0.015842
0 0.496637 0.361826 0.056338 0.015842
0 0.496967 0.361617 0.056338 0.015842
0 0.496341 0.361062 0.056338 0.015842
0 0.497104 0.360573 0.056338 0.015842
0 0.497730 0.359679 0.056338 0.015842
0 0.498287 0.359979 0.056338 0.015842
0 0.498800 0.360064 0.056338 0.015842
0 0.498811 0.360299 0.056338 0.015842
0 0.498925 0.360619 0.056338 0.015842
0 0.497855 0.360971 0.056338 0.015842
0 0.498515 0.361010 0.056338 0.015842
0 0.499244 0.361585 0.056338 0.015842
0 0.499483 0.362126 0.056338 0.015842
0 0.500974 0.362022 0.056338 0.015842
0 0.500826 0.361604 0.056338 0.015842
0 0.501509 0.361467 0.056338 0.015842
0 0.502249 0.361258 0.056338 0.015842
0 0.501076 0.360873 0.056338 0.015842
0 0.500894 0.361239 0.056338 0.015842
0 0.500131 0.359783 0.056338 0.015842
0 0.502533 0.359972 0.056338 0.015842
0 0.502192 0.360207 0.056338 0.015842
0 0.502283 0.360854 0.056338 0.015842
0 0.503193 0.361115 0.056338 0.015842
0 0.503182 0.361585 0.056338 0.015842
0 0.503660 0.360664 0.056338 0.015842
0 0.503922 0.360384 0.056338 0.015842
0 0.503592 0.360096 0.056338 0.015842
0 0.503341 0.360423 0.056338 0.015842
0 0.502841 0.360312 0.056338 0.015842
0 0.503478 0.359574 0.056338 0.015842
0 0.503410 0.358895 0.056338 0.015842
0 0.502772 0.358164 0.056338 0.015842
0 0.502772 0.357655 0.056338 0.015842
0 0.501236 0.356918 0.056338 0.015842
0 0.501532 0.357120 0.056338 0.015842
0 0.501907 0.356957 0.056338 0.015842
0 0.502044 0.357192 0.056338 0.015842
0 0.500370 0.358386 0.056338 0.015842
0 0.498902 0.358817 0.056338 0.015842
0 0.499574 0.358236 0.056338 0.015842
0 0.499312 0.357916 0.056338 0.015842
0 0.498891 0.358066 0.056338 0.015842
0 0.498082 0.357975 0.056338 0.015842
0 0.498196 0.357440 0.056338 0.015842
0 0.497889 0.356533 0.056338 0.015842
0 0.500154 0.356709 0.056338 0.015842
0 0.500370 0.356369 0.056338 0.015842
0 0.500712 0.355958 0.056338 0.015842
0 0.503091 0.357218 0.056338 0.015842
0 0.504150 0.356781 0.056338 0.015842
0 0.504673 0.357505 0.056338 0.015842
0 0.504958 0.357414 0.056338 0.015842
0 0.505516 0.357414 0.056338 0.015842
0 0.505868 0.357505 0.056338 0.015842
0 0.506210 0.357596 0.056338 0.015842
0 0.506460 0.357381 0.056338 0.015842
0 0.505811 0.356715 0.056338 0.015842
0 0.507325 0.356585 0.056338 0.015842
0 0.507667 0.357662 0.056338 0.015842
0 0.507849 0.358053 0.056338 0.015842
0 0.508202 0.357955 0.056338 0.015842
0 0.508828 0.358210 0.056338 0.015842
0 0.508999 0.357982 0.056338 0.015842
0 0.509727 0.357851 0.056338 0.015842
0 0.509397 0.358797 0.056338 0.015842
0 0.509249 0.358432 0.056338 0.015842
0 0.510672 0.357897 0.056338 0.015842
0 0.511366 0.357564 0.056338 0.015842
0 0.511048 0.356996 0.056338 0.015842
0 0.507189 0.357309 0.056338 0.015842
0 0.508384 0.357231 0.056338 0.015842
0 0.508873 0.357440 0.056338 0.015842
0 0.509226 0.357636 0.056338 0.015842
0 0.510171 0.359150 0.056338 0.015842
0 0.508851 0.360227 0.056338 0.015842
0 0.509306 0.360299 0.056338 0.015842
0 0.509556 0.360031 0.056338 0.015842
0 0.511435 0.360482 0.056338 0.015842
0 0.511253 0.361017 0.056338 0.015842
0 0.512755 0.360814 0.056338 0.015842
0 0.512288 0.360064 0.056338 0.015842
0 0.512846 0.360194 0.056338 0.015842
0 0.506494 0.361774 0.056338 0.015842
0 0.505174 0.361865 0.056338 0.015842
0 0.506005 0.362472 0.056338 0.015842
0 0.509295 0.362120 0.056338 0.015842
0 0.508919 0.361722 0.056338 0.015842
0 0.509636 0.361813 0.056338 0.015842
0 0.510365 0.361852 0.056338 0.015842
0 0.510831 0.361728 0.056338 0.015842
0 0.510148 0.361617 0.056338 0.015842
0 0.510057 0.361369 0.056338 0.015842
0 0.510478 0.361461 0.056338 0.015842
0 0.509773 0.361206 0.056338 0.015842
0 0.509113 0.361252 0.056338 0.015842
0 0.509340 0.361474 0.056338 0.015842
0 0.513654 0.360384 0.056338 0.015842
0 0.514315 0.359914 0.056338 0.015842
0 0.514383 0.360142 0.056338 0.015842
0 0.515578 0.360253 0.056338 0.015842
0 0.514565 0.360436 0.056338 0.015842
0 0.514462 0.360827 0.056338 0.015842
0 0.515157 0.360690 0.056338 0.015842
0 0.515464 0.360782 0.056338 0.015842
0 0.516136 0.361095 0.056338 0.015842
0 0.516102 0.360867 0.056338 0.015842
0 0.516967 0.360841 0.056338 0.015842
0 0.515373 0.359463 0.056338 0.015842
0 0.514349 0.359600 0.056338 0.015842
0 0.515430 0.358974 0.056338 0.015842
0 0.515145 0.358654 0.056338 0.015842
0 0.514963 0.358190 0.056338 0.015842
0 0.515567 0.358190 0.056338 0.015842
0 0.515669 0.358399 0.056338 0.015842
0 0.515772 0.358047 0.056338 0.015842
0 0.515259 0.358047 0.056338 0.015842
0 0.513415 0.357146 0.056338 0.015842
0 0.513916 0.357166 0.056338 0.015842
0 0.514394 0.357140 0.056338 0.015842
0 0.515441 0.357120 0.056338 0.015842
0 0.515715 0.357205 0.056338 0.015842
0 0.515954 0.357446 0.056338 0.015842
0 0.516910 0.357466 0.056338 0.015842
0 0.519164 0.357453 0.056338 0.015842
0 0.519551 0.357538 0.056338 0.015842
0 0.520541 0.358393 0.056338 0.015842
0 0.521178 0.358889 0.056338 0.015842
0 0.521201 0.359966 0.056338 0.015842
0 0.519585 0.362466 0.056338 0.015842
0 0.520325 0.362635 0.056338 0.015842
0 0.520678 0.362139 0.056338 0.015842
0 0.520814 0.362642 0.056338 0.015842
0 0.519915 0.363608 0.056338 0.015842
0 0.519164 0.363282 0.056338 0.015842
0 0.518321 0.363654 0.056338 0.015842
0 0.518014 0.363876 0.056338 0.015842
0 0.518731 0.363921 0.056338 0.015842
0 0.518982 0.363804 0.056338 0.015842
0 0.519312 0.364267 0.056338 0.015842
0 0.519881 0.364000 0.056338 0.015842
0 0.519801 0.364509 0.056338 0.015842
0 0.518219 0.365436 0.056338 0.015842
0 0.517650 0.365129 0.056338 0.015842
0 0.523466 0.365096 0.056338 0.015842
0 0.523717 0.364248 0.056338 0.015842
0 0.511885 0.363047 0.056338 0.015842
0 0.512587 0.362835 0.056338 0.015842
0 0.513037 0.363024 0.056338 0.015842
0 0.511765 0.364437 0.056338 0.015842
0 0.501723 0.366002 0.056338 0.015842
0 0.496980 0.365531 0.056338 0.015842
0 0.497643 0.365493 0.056338 0.015842
0 0.497987 0.365395 0.056338 0.015842
0 0.498583 0.365296 0.056338 0.015842
0 0.498318 0.365060 0.056338 0.015842
0 0.498544 0.365615 0.056338 0.015842
0 0.498597 0.365896 0.056338 0.015842
0 0.498014 0.365949 0.056338 0.015842
0 0.498848 0.366139 0.056338 0.015842
0 0.500001 0.366223 0.056338 0.015842
0 0.500783 0.366253 0.056338 0.015842
0 0.498279 0.366838 0.056338 0.015842
0 0.498027 0.366382 0.056338 0.015842
0 0.502213 0.366405 0.056338 0.015842
0 0.502439 0.366770 0.056338 0.015842
0 0.503035 0.366686 0.056338 0.015842
0 0.503922 0.366078 0.056338 0.015842
0 0.505088 0.365737 0.056338 0.015842
0 0.505896 0.365896 0.056338 0.015842
0 0.506744 0.366040 0.056338 0.015842
0 0.507208 0.366094 0.056338 0.015842
0 0.507605 0.366154 0.056338 0.015842
0 0.507844 0.365334 0.056338 0.015842
0 0.506983 0.365167 0.056338 0.015842
0 0.505247 0.365167 0.056338 0.015842
0 0.506400 0.364232 0.056338 0.015842
0 0.507301 0.364392 0.056338 0.015842
0 0.507619 0.364977 0.056338 0.015842
0 0.509169 0.364468 0.056338 0.015842
0 0.509261 0.364734 0.056338 0.015842
0 0.509818 0.364605 0.056338 0.015842
0 0.504413 0.368175 0.056338 0.015842
0 0.504956 0.368289 0.056338 0.015842
0 0.504823 0.367583 0.056338 0.015842
0 0.504969 0.367020 0.056338 0.015842
0 0.505274 0.366542 0.056338 0.015842
0 0.504903 0.366709 0.056338 0.015842
0 0.506161 0.368745 0.056338 0.015842
0 0.503803 0.369451 0.056338 0.015842
0 0.503750 0.370500 0.056338 0.015842
0 0.501630 0.370857 0.056338 0.015842
0 0.498332 0.371039 0.056338 0.015842
0 0.497934 0.370910 0.056338 0.015842
0 0.496411 0.370697 0.056338 0.015842
0 0.524749 0.365136 0.056338 0.015842
0 0.524510 0.365486 0.056338 0.015842
0 0.524205 0.365714 0.056338 0.015842
0 0.521860 0.365258 0.056338 0.015842
0 0.522192 0.368540 0.056338 0.015842
0 0.521715 0.367955 0.056338 0.015842
0 0.521436 0.368980 0.056338 0.015842
0 0.523198 0.370257 0.056338 0.015842
0 0.523265 0.370849 0.056338 0.015842
0 0.518760 0.370515 0.056338 0.015842
0 0.517753 0.368000 0.056338 0.015842
0 0.519105 0.368274 0.056338 0.015842
0 0.519714 0.368205 0.056338 0.015842
0 0.519674 0.367940 0.056338 0.015842
0 0.518999 0.367856 0.056338 0.015842
0 0.519250 0.367476 0.056338 0.015842
0 0.518429 0.367529 0.056338 0.015842
0 0.517780 0.367545 0.056338 0.015842
0 0.518204 0.366998 0.056338 0.015842
0 0.517965 0.366610 0.056338 0.015842
0 0.517144 0.366785 0.056338 0.015842
0 0.517899 0.366139 0.056338 0.015842
0 0.518230 0.365881 0.056338 0.015842
0 0.518535 0.366375 0.056338 0.015842
0 0.521503 0.375073 0.056338 0.015842
0 0.522523 0.373432 0.056338 0.015842
0 0.524113 0.372695 0.056338 0.015842
0 0.512216 0.368236 0.056338 0.015842
0 0.513276 0.368312 0.056338 0.015842
0 0.512149 0.368722 0.056338 0.015842
0 0.512759 0.368912 0.056338 0.015842
0 0.513713 0.369132 0.056338 0.015842
0 0.511924 0.369307 0.056338 0.015842
0 0.508731 0.375894 0.056338 0.015842
0 0.505976 0.375187 0.056338 0.015842
0 0.504399 0.377785 0.056338 0.015842
0 0.504730 0.378590 0.056338 0.015842
0 0.497272 0.382169 0.056338 0.015842
0 0.498795 0.375734 0.056338 0.015842
0 0.500014 0.374625 0.056338 0.015842
0 0.501498 0.375202 0.056338 0.015842
0 0.502094 0.375210 0.056338 0.015842
0 0.491111 0.373713 0.056338 0.015842
0 0.492436 0.374701 0.056338 0.015842
0 0.482014 0.374421 0.056338 0.015842
0 0.489734 0.368542 0.056338 0.015842
0 0.490264 0.368441 0.056338 0.015842
0 0.490676 0.368711 0.056338 0.015842
0 0.491265 0.368474 0.056338 0.015842
0 0.490947 0.368346 0.056338 0.015842
0 0.490994 0.369001 0.056338 0.015842
0 0.489863 0.369251 0.056338 0.015842
0 0.490323 0.369278 0.056338 0.015842
0 0.489298 0.369190 0.056338 0.015842
0 0.496821 0.368275 0.056338 0.015842
0 0.497521 0.367634 0.056338 0.015842
0 0.496091 0.368164 0.056338 0.015842
0 0.495391 0.368873 0.056338 0.015842
0 0.494929 0.369009 0.056338 0.015842
0 0.494676 0.368736 0.056338 0.015842
0 0.493812 0.368326 0.056338 0.015842
0 0.495510 0.367848 0.056338 0.015842
0 0.495257 0.368001 0.056338 0.015842
0 0.496210 0.367121 0.056338 0.015842
0 0.496866 0.365028 0.056338 0.015842
0 0.497194 0.365020 0.056338 0.015842
0 0.496598 0.364635 0.056338 0.015842
0 0.483435 0.364923 0.056338 0.015842
0 0.476411 0.370768 0.056338 0.015842
0 0.474222 0.370047 0.056338 0.015842
0 0.474320 0.369738 0.056338 0.015842
0 0.473912 0.369962 0.056338 0.015842
0 0.471739 0.368951 0.056338 0.015842
0 0.472066 0.368052 0.056338 0.015842
0 0.470449 0.368745 0.056338 0.015842
0 0.470383 0.368998 0.056338 0.015842
0 0.467721 0.369391 0.056338 0.015842
0 0.462789 0.370838 0.056338 0.015842
0 0.463821 0.369322 0.056338 0.015842
0 0.462897 0.366694 0.056338 0.015842
0 0.464183 0.366248 0.056338 0.015842
0 0.464382 0.366518 0.056338 0.015842
0 0.464527 0.366248 0.056338 0.015842
0 0.488923 0.359113 0.056338 0.015842
0 0.490951 0.356859 0.056338 0.015842
0 0.493595 0.361522 0.056338 0.015842
0 0.494103 0.361595 0.056338 0.015842
0 0.493885 0.362135 0.056338 0.015842
0 0.487935 0.384811 0.056338 0.015842
0 0.488060 0.382946 0.056338 0.015842
0 0.488558 0.381057 0.056338 0.015842
0 0.480420 0.380280 0.056338 0.015842
0 0.479769 0.380002 0.056338 0.015842
0 0.478344 0.378827 0.056338 0.015842
0 0.480655 0.377176 0.056338 0.015842
0 0.469942 0.380700 0.056338 0.015842
0 0.472586 0.376748 0.056338 0.015842
0 0.470067 0.376835 0.056338 0.015842
0 0.471659 0.376145 0.056338 0.015842
0 0.476295 0.376113 0.056338 0.015842
0 0.480475 0.374700 0.056338 0.015842
0 0.479741 0.374232 0.056338 0.015842
0 0.479409 0.373867 0.056338 0.015842
0 0.479354 0.373081 0.056338 0.015842
0 0.477181 0.372819 0.056338 0.015842
0 0.476738 0.373843 0.056338 0.015842
0 0.473582 0.374200 0.056338 0.015842
0 0.473001 0.374446 0.056338 0.015842
0 0.461195 0.374660 0.056338 0.015842
0 0.464711 0.374740 0.056338 0.015842
0 0.464226 0.374295 0.056338 0.015842
0 0.464545 0.372907 0.056338 0.015842
0 0.463631 0.372645 0.056338 0.015842
0 0.463465 0.373121 0.056338 0.015842
0 0.460337 0.372470 0.056338 0.015842
0 0.460240 0.372835 0.056338 0.015842
0 0.462275 0.370280 0.056338 0.015842
0 0.464268 0.368462 0.056338 0.015842
0 0.463825 0.368018 0.056338 0.015842
0 0.462344 0.366549 0.056338 0.015842
0 0.464752 0.366962 0.056338 0.015842
0 0.466358 0.366946 0.056338 0.015842
0 0.466510 0.367200 0.056338 0.015842
0 0.466275 0.367383 0.056338 0.015842
0 0.465873 0.367097 0.056338 0.015842
0 0.471133 0.370375 0.056338 0.015842
0 0.472946 0.371010 0.056338 0.015842
0 0.473250 0.370946 0.056338 0.015842
0 0.472558 0.369938 0.056338 0.015842
0 0.472489 0.368113 0.056338 0.015842
0 0.474856 0.368637 0.056338 0.015842
0 0.469223 0.368018 0.056338 0.015842
0 0.469237 0.365660 0.056338 0.015842
0 0.459299 0.364287 0.056338 0.015842
0 0.460918 0.363994 0.056338 0.015842
0 0.462358 0.363383 0.056338 0.015842
0 0.462316 0.364541 0.056338 0.015842
0 0.463271 0.364994 0.056338 0.015842
0 0.463423 0.365399 0.056338 0.015842
0 0.464351 0.365208 0.056338 0.015842
0 0.471894 0.364240 0.056338 0.015842
0 0.471354 0.364232 0.056338 0.015842
0 0.470067 0.364033 0.056338 0.015842
0 0.470911 0.363819 0.056338 0.015842
0 0.468309 0.364906 0.056338 0.015842
0 0.468752 0.365295 0.056338 0.015842
0 0.466593 0.365732 0.056338 0.015842
0 0.466676 0.365311 0.056338 0.015842
0 0.468697 0.361367 0.056338 0.015842
0 0.467673 0.361152 0.056338 0.015842
0 0.470205 0.361176 0.056338 0.015842
0 0.469513 0.359367 0.056338 0.015842
0 0.472641 0.360200 0.056338 0.015842
0 0.472946 0.360184 0.056338 0.015842
0 0.484918 0.358081 0.056338 0.015842
0 0.486551 0.358287 0.056338 0.015842
0 0.483382 0.359383 0.056338 0.015842
0 0.485972 0.359456 0.056338 0.015842
0 0.480226 0.360732 0.056338 0.015842
0 0.476489 0.363486 0.056338 0.015842
0 0.474994 0.364311 0.056338 0.015842
0 0.482094 0.363216 0.056338 0.015842
0 0.482690 0.363597 0.056338 0.015842
0 0.480350 0.365113 0.056338 0.015842
0 0.479423 0.365708 0.056338 0.015842
0 0.479243 0.365454 0.056338 0.015842
0 0.476475 0.366772 0.056338 0.015842
0 0.476710 0.366470 0.056338 0.015842
0 0.474067 0.367002 0.056338 0.015842
0 0.485568 0.368581 0.056338 0.015842
0 0.484669 0.368676 0.056338 0.015842
0 0.482786 0.370002 0.056338 0.015842
0 0.480697 0.368645 0.056338 0.015842
0 0.479797 0.368787 0.056338 0.015842
0 0.479049 0.369510 0.056338 0.015842
0 0.477043 0.369986 0.056338 0.015842
0 0.477112 0.370660 0.056338 0.015842
0 0.478247 0.371359 0.056338 0.015842
0 0.475576 0.371462 0.056338 0.015842
0 0.476946 0.371137 0.056338 0.015842
0 0.489513 0.371637 0.056338 0.015842
0 0.486482 0.371859 0.056338 0.015842
0 0.486385 0.371653 0.056338 0.015842
0 0.483949 0.372494 0.056338 0.015842
0 0.481665 0.375200 0.056338 0.015842
0 0.491548 0.372883 0.056338 0.015842
0 0.493646 0.374631 0.056338 0.015842
0 0.495388 0.380049 0.056338 0.015842
0 0.500531 0.381575 0.056338 0.015842
0 0.498951 0.378838 0.056338 0.015842
0 0.505804 0.378755 0.056338 0.015842
0 0.506497 0.379097 0.056338 0.015842
0 0.500257 0.374983 0.056338 0.015842
0 0.503901 0.375352 0.056338 0.015842
0 0.504482 0.374086 0.056338 0.015842
0 0.491276 0.371405 0.056338 0.015842
0 0.490841 0.370193 0.056338 0.015842
0 0.488874 0.368520 0.056338 0.015842
0 0.487729 0.367808 0.056338 0.015842
0 0.494388 0.367882 0.056338 0.015842
0 0.494130 0.367882 0.056338 0.015842
0 0.495452 0.368585 0.056338 0.015842
0 0.496130 0.370822 0.056338 0.015842
0 0.496275 0.370092 0.056338 0.015842
0 0.502998 0.370249 0.056338 0.015842
0 0.502853 0.371534 0.056338 0.015842
0 0.506529 0.369333 0.056338 0.015842
0 0.504611 0.369028 0.056338 0.015842
0 0.505739 0.369407 0.056338 0.015842
0 0.502337 0.367651 0.056338 0.015842
0 0.504353 0.365635 0.056338 0.015842
0 0.505401 0.366125 0.056338 0.015842
0 0.499564 0.366060 0.056338 0.015842
0 0.497500 0.363989 0.056338 0.015842
0 0.496645 0.363342 0.056338 0.015842
0 0.495404 0.364322 0.056338 0.015842
0 0.493195 0.364960 0.056338 0.015842
0 0.492292 0.365284 0.056338 0.015842
0 0.493485 0.365792 0.056338 0.015842
0 0.494324 0.365459 0.056338 0.015842
0 0.495952 0.366144 0.056338 0.015842
0 0.497758 0.365006 0.056338 0.015842
0 0.490293 0.365607 0.056338 0.015842
0 0.491405 0.365820 0.056338 0.015842
0 0.489406 0.366828 0.056338 0.015842
0 0.487407 0.366310 0.056338 0.015842
0 0.488180 0.365709 0.056338 0.015842
0 0.488309 0.365413 0.056338 0.015842
0 0.487842 0.365506 0.056338 0.015842
0 0.486649 0.364276 0.056338 0.015842
0 0.488471 0.363250 0.056338 0.015842
0 0.494453 0.361012 0.056338 0.015842
0 0.498919 0.361854 0.056338 0.015842
0 0.500386 0.361438 0.056338 0.015842
0 0.499564 0.360781 0.056338 0.015842
0 0.496387 0.360180 0.056338 0.015842
0 0.496629 0.360004 0.056338 0.015842
0 0.491534 0.359431 0.056338 0.015842
0 0.490212 0.357527 0.056338 0.015842
0 0.492647 0.357009 0.056338 0.015842
0 0.492711 0.356713 0.056338 0.015842
0 0.493517 0.357342 0.056338 0.015842
0 0.491115 0.358655 0.056338 0.015842
0 0.498822 0.356676 0.056338 0.015842
0 0.501773 0.357453 0.056338 0.015842
0 0.502192 0.357684 0.056338 0.015842
0 0.502353 0.357120 0.056338 0.015842
0 0.504369 0.357416 0.056338 0.015842
0 0.504288 0.357064 0.056338 0.015842
0 0.500048 0.358063 0.056338 0.015842
0 0.501321 0.358322 0.056338 0.015842
0 0.503385 0.358479 0.056338 0.015842
0 0.502789 0.359598 0.056338 0.015842
0 0.501789 0.360365 0.056338 0.015842
0 0.503143 0.360911 0.056338 0.015842
0 0.506803 0.362519 0.056338 0.015842
0 0.507884 0.361863 0.056338 0.015842
0 0.512028 0.357027 0.056338 0.015842
0 0.511689 0.356870 0.056338 0.015842
0 0.510980 0.358044 0.056338 0.015842
0 0.510576 0.358562 0.056338 0.015842
0 0.509931 0.358590 0.056338 0.015842
0 0.508722 0.358867 0.056338 0.015842
0 0.508061 0.358377 0.056338 0.015842
0 0.513237 0.360522 0.056338 0.015842
0 0.512011 0.363277 0.056338 0.015842
0 0.507448 0.364100 0.056338 0.015842
0 0.512060 0.365737 0.056338 0.015842
0 0.518010 0.364535 0.056338 0.015842
0 0.514753 0.367198 0.056338 0.015842
0 0.514753 0.367669 0.056338 0.015842
0 0.514446 0.369352 0.056338 0.015842
0 0.518558 0.368474 0.056338 0.015842
0 0.519944 0.368585 0.056338 0.015842
0 0.506820 0.368756 0.056338 0.015842
0 0.518227 0.370403 0.056338 0.015842
0 0.521264 0.370905 0.056338 0.015842
0 0.522651 0.370763 0.056338 0.015842
0 0.506358 0.372524 0.056338 0.015842
0 0.511706 0.376386 0.056338 0.015842
0 0.517467 0.376329 0.056338 0.015842
0 0.515767 0.375231 0.056338 0.015842
0 0.524170 0.366390 0.056338 0.015842
0 0.520620 0.363588 0.056338 0.015842
0 0.521182 0.364383 0.056338 0.015842
0 0.524978 0.365396 0.056338 0.015842
0 0.522899 0.365888 0.056338 0.015842
0 0.517534 0.367081 0.056338 0.015842
0 0.516725 0.367043 0.056338 0.015842
0 0.520026 0.360748 0.056338 0.015842
0 0.519779 0.361202 0.056338 0.015842
0 0.519135 0.361742 0.056338 0.015842
0 0.521281 0.362745 0.056338 0.015842
0 0.516081 0.360464 0.056338 0.015842
0 0.516560 0.360360 0.056338 0.015842
0 0.517715 0.357416 0.056338 0.015842
0 0.517930 0.356980 0.056338 0.015842
0 0.520323 0.357861 0.056338 0.015842
0 0.508900 0.359451 0.056338 0.015842
0 0.507596 0.378676 0.056338 0.015842
0 0.490874 0.379330 0.056338 0.015842
0 0.492442 0.379282 0.056338 0.015842
0 0.486070 0.364269 0.056338 0.015842
0 0.485277 0.363682 0.056338 0.015842
0 0.484617 0.363455 0.056338 0.015842
0 0.484254 0.364619 0.056338 0.015842
0 0.487539 0.362622 0.056338 0.015842
0 0.488628 0.362054 0.056338 0.015842
0 0.468381 0.373972 0.056338 0.015842
0 0.466331 0.374838 0.056338 0.015842
0 0.519627 0.370782 0.056338 0.015842
0 0.519993 0.370984 0.056338 0.015842
0 0.508633 0.374479 0.056338 0.015842
0 0.508207 0.369015 0.056338 0.015842
0 0.512508 0.367448 0.056338 0.015842
0 0.520687 0.371435 0.056338 0.015842
0 0.513101 0.364165 0.056338 0.015842
0 0.511118 0.363966 0.056338 0.015842
0 0.497071 0.367073 0.056338 0.015842
0 0.482410 0.373346 0.056338 0.015842
0 0.460143 0.371482 0.056338 0.015842
0 0.482042 0.357728 0.056338 0.015842
0 0.489608 0.363942 0.056338 0.015842
0 0.490200 0.364904 0.056338 0.015842
0 0.489076 0.365080 0.056338 0.015842
0 0.488197 0.364998 0.056338 0.015842
0 0.488013 0.364834 0.056338 0.015842
0 0.486888 0.365361 0.056338 0.015842
0 0.497071 0.365314 0.056338 0.015842
0 0.492388 0.358127 0.056338 0.015842
0 0.492715 0.358057 0.056338 0.015842
0 0.497930 0.359217 0.056338 0.015842
0 0.499913 0.361973 0.056338 0.015842
0 0.512447 0.363954 0.056338 0.015842
0 0.470970 0.374910 0.056338 0.015842
0 0.467419 0.374204 0.056338 0.015842
0 0.467975 0.374689 0.056338 0.015842
0 0.460631 0.364591 0.056338 0.015842