0 0.849419 0.157862 0.063745 0.024024
0 0.854135 0.165674 0.063745 0.024024
0 0.912062 0.149038 0.063745 0.024024
0 0.888624 0.156086 0.063745 0.024024
0 0.882146 0.159282 0.063745 0.024024
0 0.889291 0.172230 0.063745 0.024024
0 0.831003 0.384255 0.063745 0.024024
0 0.845561 0.383058 0.063745 0.024024
0 0.846097 0.382896 0.063745 0.024024
0 0.845053 0.387638 0.063745 0.024024
0 0.851459 0.387072 0.063745 0.024024
0 0.855298 0.382120 0.063745 0.024024
0 0.853802 0.380372 0.063745 0.024024
0 0.873077 0.390211 0.063745 0.024024
0 0.872908 0.385971 0.063745 0.024024
0 0.876690 0.384256 0.063745 0.024024
0 0.883266 0.391069 0.063745 0.024024
0 0.883961 0.391178 0.063745 0.024024
0 0.902485 0.385664 0.063745 0.024024
0 0.902936 0.385599 0.063745 0.024024
0 0.895627 0.391651 0.063745 0.024024
0 0.894357 0.379805 0.063745 0.024024
0 0.902880 0.380145 0.063745 0.024024
0 0.874489 0.374449 0.063745 0.024024
0 0.873614 0.374093 0.063745 0.024024
0 0.866473 0.373931 0.063745 0.024024
0 0.866728 0.375630 0.063745 0.024024
0 0.869804 0.377200 0.063745 0.024024
0 0.852729 0.377167 0.063745 0.024024
0 0.835091 0.374950 0.063745 0.024024
0 0.834667 0.373542 0.063745 0.024024
0 0.840453 0.374934 0.063745 0.024024
0 0.842806 0.370424 0.063745 0.024024
0 0.911768 0.154190 0.063745 0.024024
0 0.841694 0.154689 0.063745 0.024024
0 0.858658 0.151023 0.063745 0.024024
0 0.845072 0.140045 0.063745 0.024024
0 0.862500 0.143963 0.063745 0.024024
0 0.846940 0.144681 0.063745 0.024024
0 0.837419 0.147641 0.063745 0.024024
0 0.836270 0.147212 0.063745 0.024024
0 0.840720 0.144534 0.063745 0.024024
0 0.839827 0.144022 0.063745 0.024024
0 0.845572 0.152400 0.063745 0.024024
0 0.848272 0.150548 0.063745 0.024024
0 0.847451 0.146386 0.063745 0.024024
0 0.861787 0.146176 0.063745 0.024024
0 0.885335 0.138562 0.063745 0.024024
0 0.885098 0.148530 0.063745 0.024024
0 0.858194 0.165181 0.063745 0.024024
0 0.891336 0.166038 0.063745 0.024024
0 0.899324 0.153341 0.063745 0.024024
0 0.898942 0.152588 0.063745 0.024024
0 0.889913 0.149785 0.063745 0.024024
0 0.904869 0.151176 0.063745 0.024024
0 0.911600 0.145246 0.063745 0.024024
0 0.911053 0.146156 0.063745 0.024024
0 0.913716 0.155297 0.063745 0.024024
0 0.902918 0.162283 0.063745 0.024024
0 0.849068 0.387761 0.063745 0.024024
0 0.845514 0.385507 0.063745 0.024024
0 0.841943 0.383156 0.063745 0.024024
0 0.856175 0.386075 0.063745 0.024024
0 0.853271 0.383969 0.063745 0.024024
0 0.854791 0.384077 0.063745 0.024024
0 0.853920 0.383087 0.063745 0.024024
0 0.855454 0.382405 0.063745 0.024024
0 0.855885 0.381745 0.063745 0.024024
0 0.854450 0.382431 0.063745 0.024024
0 0.854415 0.382215 0.063745 0.024024
0 0.848572 0.381500 0.063745 0.024024
0 0.847479 0.381823 0.063745 0.024024
0 0.846864 0.382901 0.063745 0.024024
0 0.847137 0.383616 0.063745 0.024024
0 0.845787 0.383313 0.063745 0.024024
0 0.845975 0.383077 0.063745 0.024024
0 0.844865 0.381716 0.063745 0.024024
0 0.841157 0.380315 0.063745 0.024024
0 0.833708 0.375779 0.063745 0.024024
0 0.834067 0.375877 0.063745 0.024024
0 0.833981 0.376092 0.063745 0.024024
0 0.844609 0.377454 0.063745 0.024024
0 0.851682 0.376288 0.063745 0.024024
0 0.841858 0.370145 0.063745 0.024024
0 0.864957 0.369636 0.063745 0.024024
0 0.868682 0.371272 0.063745 0.024024
0 0.867144 0.371429 0.063745 0.024024
0 0.868101 0.378972 0.063745 0.024024
0 0.864308 0.382215 0.063745 0.024024
0 0.874491 0.388437 0.063745 0.024024
0 0.875259 0.388642 0.063745 0.024024
0 0.875089 0.389015 0.063745 0.024024
0 0.877737 0.388926 0.063745 0.024024
0 0.879121 0.389426 0.063745 0.024024
0 0.878591 0.389201 0.063745 0.024024
0 0.879753 0.391385 0.063745 0.024024
0 0.879206 0.391121 0.063745 0.024024
0 0.880317 0.392052 0.063745 0.024024
0 0.885528 0.389495 0.063745 0.024024
0 0.886262 0.389514 0.063745 0.024024
0 0.887151 0.388809 0.063745 0.024024
0 0.888671 0.387339 0.063745 0.024024
0 0.898410 0.386644 0.063745 0.024024
0 0.899452 0.389779 0.063745 0.024024
0 0.890773 0.385262 0.063745 0.024024
0 0.883768 0.385360 0.063745 0.024024
0 0.897692 0.378669 0.063745 0.024024
0 0.892533 0.378796 0.063745 0.024024
0 0.882418 0.375681 0.063745 0.024024
0 0.890534 0.370841 0.063745 0.024024
0 0.880385 0.371723 0.063745 0.024024
0 0.875345 0.371145 0.063745 0.024024
0 0.837820 0.386243 0.063745 0.024024
0 0.838715 0.383385 0.063745 0.024024
0 0.844732 0.380493 0.063745 0.024024
0 0.877286 0.384780 0.063745 0.024024
0 0.895549 0.390988 0.063745 0.024024
0 0.883487 0.390449 0.063745 0.024024
0 0.882990 0.390147 0.063745 0.024024
0 0.881322 0.389677 0.063745 0.024024
0 0.879771 0.390952 0.063745 0.024024
0 0.879069 0.390533 0.063745 0.024024
0 0.878249 0.389241 0.063745 0.024024
0 0.871987 0.389509 0.063745 0.024024
0 0.893905 0.392781 0.063745 0.024024
0 0.893203 0.392127 0.063745 0.024024
0 0.887672 0.385230 0.063745 0.024024
0 0.887526 0.385482 0.063745 0.024024
0 0.864496 0.389341 0.063745 0.024024
0 0.858029 0.391204 0.063745 0.024024
0 0.858966 0.391221 0.063745 0.024024
0 0.858995 0.386321 0.063745 0.024024
0 0.856478 0.383703 0.063745 0.024024
0 0.844452 0.390214 0.063745 0.024024
0 0.850538 0.390801 0.063745 0.024024
0 0.848724 0.388402 0.063745 0.024024
0 0.843515 0.386036 0.063745 0.024024
0 0.843135 0.386690 0.063745 0.024024
0 0.841847 0.389811 0.063745 0.024024
0 0.839653 0.386271 0.063745 0.024024
0 0.838687 0.381035 0.063745 0.024024
0 0.844744 0.382764 0.063745 0.024024
0 0.844978 0.382076 0.063745 0.024024
0 0.846500 0.381757 0.063745 0.024024
0 0.846529 0.382495 0.063745 0.024024
0 0.849075 0.382646 0.063745 0.024024
0 0.849485 0.382009 0.063745 0.024024
0 0.848373 0.382881 0.063745 0.024024
0 0.850333 0.380649 0.063745 0.024024
0 0.852235 0.380314 0.063745 0.024024
0 0.853377 0.381505 0.063745 0.024024
0 0.855835 0.380716 0.063745 0.024024
0 0.853607 0.382845 0.063745 0.024024
0 0.869763 0.380599 0.063745 0.024024
0 0.878571 0.383670 0.063745 0.024024
0 0.879800 0.380129 0.063745 0.024024
0 0.891564 0.383200 0.063745 0.024024
0 0.890832 0.382109 0.063745 0.024024
0 0.899933 0.382428 0.063745 0.024024
0 0.899348 0.376773 0.063745 0.024024
0 0.892647 0.376052 0.063745 0.024024
0 0.877342 0.375464 0.063745 0.024024
0 0.867247 0.375917 0.063745 0.024024
0 0.872368 0.373635 0.063745 0.024024
0 0.861043 0.378804 0.063745 0.024024
0 0.856303 0.376488 0.063745 0.024024
0 0.855981 0.377260 0.063745 0.024024
0 0.837516 0.378216 0.063745 0.024024
0 0.831166 0.375464 0.063745 0.024024
0 0.865754 0.366236 0.063745 0.024024
0 0.865433 0.366689 0.063745 0.024024
0 0.863765 0.373367 0.063745 0.024024
0 0.869559 0.375045 0.063745 0.024024
0 0.886940 0.370581 0.063745 0.024024
0 0.886092 0.370447 0.063745 0.024024
0 0.887994 0.369977 0.063745 0.024024
0 0.881000 0.369826 0.063745 0.024024
0 0.851295 0.168021 0.063745 0.024024
0 0.895203 0.166190 0.063745 0.024024
0 0.895602 0.166206 0.063745 0.024024
0 0.900278 0.153666 0.063745 0.024024
0 0.892010 0.154304 0.063745 0.024024
0 0.874104 0.153715 0.063745 0.024024
0 0.860675 0.158489 0.063745 0.024024
0 0.860162 0.158211 0.063745 0.024024
0 0.859564 0.158457 0.063745 0.024024
0 0.858224 0.156102 0.063745 0.024024
0 0.841088 0.144789 0.063745 0.024024
0 0.896087 0.146538 0.063745 0.024024
0 0.912994 0.145524 0.063745 0.024024
0 0.898396 0.141012 0.063745 0.024024
0 0.898026 0.137938 0.063745 0.024024
0 0.886051 0.137628 0.063745 0.024024
0 0.885652 0.136892 0.063745 0.024024
0 0.858936 0.136254 0.063745 0.024024
0 0.854674 0.148436 0.063745 0.024024
0 0.861209 0.145367 0.063745 0.024024
0 0.861728 0.138347 0.063745 0.024024
0 0.883721 0.142297 0.063745 0.024024
0 0.868471 0.162452 0.063745 0.024024
0 0.888950 0.161655 0.063745 0.024024
0 0.858657 0.162952 0.063745 0.024024
0 0.890859 0.165534 0.063745 0.024024
0 0.900507 0.148710 0.063745 0.024024
0 0.900237 0.148912 0.063745 0.024024
0 0.883389 0.145498 0.063745 0.024024
0 0.896772 0.140774 0.063745 0.024024
0 0.851582 0.133755 0.063745 0.024024
0 0.853636 0.134837 0.063745 0.024024
0 0.839174 0.143892 0.063745 0.024024
0 0.861313 0.158109 0.063745 0.024024
0 0.903785 0.146271 0.063745 0.024024
0 0.905404 0.152268 0.063745 0.024024
0 0.905258 0.151577 0.063745 0.024024
0 0.845665 0.389683 0.063745 0.024024
0 0.843967 0.391003 0.063745 0.024024
0 0.845177 0.391071 0.063745 0.024024
0 0.849616 0.387157 0.063745 0.024024
0 0.841394 0.388873 0.063745 0.024024
0 0.857754 0.384631 0.063745 0.024024
0 0.856257 0.385585 0.063745 0.024024
0 0.858796 0.387060 0.063745 0.024024
0 0.859384 0.388140 0.063745 0.024024
0 0.850961 0.383724 0.063745 0.024024
0 0.851734 0.383753 0.063745 0.024024
0 0.851751 0.382972 0.063745 0.024024
0 0.850440 0.382924 0.063745 0.024024
0 0.851499 0.381999 0.063745 0.024024
0 0.853954 0.382211 0.063745 0.024024
0 0.855753 0.383281 0.063745 0.024024
0 0.858645 0.381883 0.063745 0.024024
0 0.856408 0.381796 0.063745 0.024024
0 0.855568 0.381420 0.063745 0.024024
0 0.854425 0.381555 0.063745 0.024024
0 0.851533 0.380774 0.063745 0.024024
0 0.847968 0.381787 0.063745 0.024024
0 0.847010 0.382278 0.063745 0.024024
0 0.844471 0.381025 0.063745 0.024024
0 0.843496 0.381314 0.063745 0.024024
0 0.846976 0.379424 0.063745 0.024024
0 0.851634 0.376715 0.063745 0.024024
0 0.869455 0.376494 0.063745 0.024024
0 0.866143 0.379926 0.063745 0.024024
0 0.866446 0.379800 0.063745 0.024024
0 0.868094 0.380109 0.063745 0.024024
0 0.866580 0.381709 0.063745 0.024024
0 0.873760 0.388458 0.063745 0.024024
0 0.863974 0.390994 0.063745 0.024024
0 0.879880 0.390666 0.063745 0.024024
0 0.884318 0.391698 0.063745 0.024024
0 0.892977 0.388902 0.063745 0.024024
0 0.893111 0.385682 0.063745 0.024024
0 0.882065 0.383830 0.063745 0.024024
0 0.877929 0.366910 0.063745 0.024024
0 0.856707 0.393567 0.063745 0.024024
0 0.853012 0.394542 0.063745 0.024024
0 0.844325 0.372233 0.063745 0.024024
0 0.876034 0.374703 0.063745 0.024024
0 0.875797 0.381253 0.063745 0.024024
0 0.879950 0.386566 0.063745 0.024024
0 0.899207 0.390277 0.063745 0.024024
0 0.900437 0.387950 0.063745 0.024024
0 0.902163 0.386896 0.063745 0.024024
0 0.901093 0.383267 0.063745 0.024024
0 0.894828 0.373279 0.063745 0.024024
0 0.890354 0.376257 0.063745 0.024024
0 0.848269 0.156325 0.063745 0.024024
0 0.841180 0.152954 0.063745 0.024024
0 0.859254 0.150816 0.063745 0.024024
0 0.840643 0.143669 0.063745 0.024024
0 0.880721 0.149978 0.063745 0.024024
0 0.894259 0.168298 0.063745 0.024024
0 0.904320 0.167238 0.063745 0.024024
0 0.888968 0.138054 0.063745 0.024024
0 0.853434 0.131881 0.063745 0.024024
0 0.838573 0.140657 0.063745 0.024024
0 0.834504 0.146084 0.063745 0.024024
0 0.836362 0.154555 0.063745 0.024024
0 0.846977 0.168047 0.063745 0.024024
0 0.862987 0.175605 0.063745 0.024024
0 0.885279 0.177330 0.063745 0.024024
0 0.901201 0.173475 0.063745 0.024024
0 0.911904 0.163888 0.063745 0.024024
0 0.916416 0.153845 0.063745 0.024024
0 0.913319 0.143802 0.063745 0.024024
0 0.907481 0.138577 0.063745 0.024024
0 0.891913 0.134823 0.063745 0.024024
0 0.868206 0.131881 0.063745 0.024024
0 0.840498 0.369051 0.063745 0.024024
0 0.829656 0.373685 0.063745 0.024024
0 0.826086 0.382258 0.063745 0.024024
0 0.833427 0.391101 0.063745 0.024024
0 0.844336 0.394460 0.063745 0.024024
0 0.872755 0.395001 0.063745 0.024024
0 0.895651 0.393147 0.063745 0.024024
0 0.904338 0.390290 0.063745 0.024024
0 0.907301 0.382103 0.063745 0.024024
0 0.903665 0.372951 0.063745 0.024024
0 0.891341 0.367815 0.063745 0.024024
0 0.865280 0.364842 0.063745 0.024024
0 0.846779 0.383108 0.063745 0.024024
0 0.846856 0.383448 0.063745 0.024024
0 0.838119 0.382909 0.063745 0.024024
0 0.876009 0.372848 0.063745 0.024024
0 0.887080 0.375649 0.063745 0.024024
0 0.885041 0.389607 0.063745 0.024024
0 0.878340 0.391310 0.063745 0.024024
0 0.854694 0.133219 0.063745 0.024024
0 0.841724 0.141015 0.063745 0.024024
0 0.868986 0.159796 0.063745 0.024024
0 0.853048 0.386123 0.063745 0.024024
0 0.862113 0.387429 0.063745 0.024024
0 0.899060 0.159036 0.063745 0.024024
0 0.905342 0.161182 0.063745 0.024024