0 0.309226 0.139405 0.049080 0.014679
0 0.309958 0.139438 0.049080 0.014679
0 0.311862 0.134920 0.049080 0.014679
0 0.309402 0.134551 0.049080 0.014679
0 0.325618 0.136597 0.049080 0.014679
0 0.346632 0.133526 0.049080 0.014679
0 0.342648 0.133207 0.049080 0.014679
0 0.331693 0.136969 0.049080 0.014679
0 0.333421 0.132417 0.049080 0.014679
0 0.542114 0.293858 0.049080 0.014679
0 0.542965 0.293690 0.049080 0.014679
0 0.543629 0.291465 0.049080 0.014679
0 0.544533 0.292181 0.049080 0.014679
0 0.541716 0.290489 0.049080 0.014679
0 0.563166 0.296830 0.049080 0.014679
0 0.564070 0.291480 0.049080 0.014679
0 0.572389 0.291328 0.049080 0.014679
0 0.568535 0.288767 0.049080 0.014679
0 0.569386 0.287228 0.049080 0.014679
0 0.569864 0.287548 0.049080 0.014679
0 0.571645 0.287792 0.049080 0.014679
0 0.573207 0.290196 0.049080 0.014679
0 0.575021 0.292151 0.049080 0.014679
0 0.575260 0.292913 0.049080 0.014679
0 0.579247 0.295001 0.049080 0.014679
0 0.577998 0.292334 0.049080 0.014679
0 0.580204 0.292075 0.049080 0.014679
0 0.580416 0.294818 0.049080 0.014679
0 0.580257 0.291297 0.049080 0.014679
0 0.583048 0.291343 0.049080 0.014679
0 0.584031 0.289941 0.049080 0.014679
0 0.584084 0.289438 0.049080 0.014679
0 0.583181 0.289057 0.049080 0.014679
0 0.586716 0.288097 0.049080 0.014679
0 0.587965 0.289468 0.049080 0.014679
0 0.590703 0.284865 0.049080 0.014679
0 0.588258 0.283250 0.049080 0.014679
0 0.586450 0.283234 0.049080 0.014679
0 0.584589 0.282731 0.049080 0.014679
0 0.579141 0.282991 0.049080 0.014679
0 0.575366 0.282091 0.049080 0.014679
0 0.575978 0.283875 0.049080 0.014679
0 0.574569 0.285795 0.049080 0.014679
0 0.561863 0.286938 0.049080 0.014679
0 0.562156 0.287365 0.049080 0.014679
0 0.562129 0.286557 0.049080 0.014679
0 0.561677 0.286298 0.049080 0.014679
0 0.560428 0.286466 0.049080 0.014679
0 0.560375 0.285856 0.049080 0.014679
0 0.557823 0.287700 0.049080 0.014679
0 0.560907 0.282366 0.049080 0.014679
0 0.566462 0.281893 0.049080 0.014679
0 0.565691 0.281040 0.049080 0.014679
0 0.566462 0.280841 0.049080 0.014679
0 0.551683 0.287441 0.049080 0.014679
0 0.544958 0.287594 0.049080 0.014679
0 0.548945 0.287106 0.049080 0.014679
0 0.534805 0.284027 0.049080 0.014679
0 0.540679 0.283311 0.049080 0.014679
0 0.543310 0.281908 0.049080 0.014679
0 0.546633 0.280643 0.049080 0.014679
0 0.551072 0.280963 0.049080 0.014679
0 0.553145 0.280399 0.049080 0.014679
0 0.532705 0.282518 0.049080 0.014679
0 0.533157 0.282152 0.049080 0.014679
0 0.532625 0.281634 0.049080 0.014679
0 0.525874 0.280201 0.049080 0.014679
0 0.527655 0.282533 0.049080 0.014679
0 0.526910 0.283051 0.049080 0.014679
0 0.527336 0.284225 0.049080 0.014679
0 0.524492 0.286862 0.049080 0.014679
0 0.509793 0.284560 0.049080 0.014679
0 0.511866 0.280750 0.049080 0.014679
0 0.511202 0.279454 0.049080 0.014679
0 0.513461 0.281040 0.049080 0.014679
0 0.509102 0.276315 0.049080 0.014679
0 0.509075 0.275339 0.049080 0.014679
0 0.504158 0.277793 0.049080 0.014679
0 0.523482 0.276452 0.049080 0.014679
0 0.534406 0.278281 0.049080 0.014679
0 0.541583 0.279866 0.049080 0.014679
0 0.538393 0.276574 0.049080 0.014679
0 0.539935 0.277641 0.049080 0.014679
0 0.540732 0.274821 0.049080 0.014679
0 0.541662 0.274714 0.049080 0.014679
0 0.543815 0.276589 0.049080 0.014679
0 0.545623 0.277031 0.049080 0.014679
0 0.551338 0.276437 0.049080 0.014679
0 0.551949 0.275461 0.049080 0.014679
0 0.553172 0.274547 0.049080 0.014679
0 0.554766 0.273510 0.049080 0.014679
0 0.571034 0.278540 0.049080 0.014679
0 0.570954 0.275553 0.049080 0.014679
0 0.580018 0.277625 0.049080 0.014679
0 0.583633 0.273784 0.049080 0.014679
0 0.585281 0.275248 0.049080 0.014679
0 0.574116 0.267168 0.049080 0.014679
0 0.573874 0.267393 0.049080 0.014679
0 0.567045 0.271394 0.049080 0.014679
0 0.567845 0.270295 0.049080 0.014679
0 0.564216 0.269249 0.049080 0.014679
0 0.567845 0.268332 0.049080 0.014679
0 0.556885 0.265803 0.049080 0.014679
0 0.545236 0.271501 0.049080 0.014679
0 0.545627 0.271277 0.049080 0.014679
0 0.546148 0.269708 0.049080 0.014679
0 0.545422 0.267713 0.049080 0.014679
0 0.544659 0.267734 0.049080 0.014679
0 0.547878 0.269548 0.049080 0.014679
0 0.543059 0.270540 0.049080 0.014679
0 0.542910 0.269527 0.049080 0.014679
0 0.541570 0.270572 0.049080 0.014679
0 0.541086 0.271074 0.049080 0.014679
0 0.546818 0.271202 0.049080 0.014679
0 0.537365 0.270519 0.049080 0.014679
0 0.535764 0.269164 0.049080 0.014679
0 0.535578 0.269601 0.049080 0.014679
0 0.535206 0.269516 0.049080 0.014679
0 0.533643 0.268929 0.049080 0.014679
0 0.532769 0.268097 0.049080 0.014679
0 0.531987 0.267926 0.049080 0.014679
0 0.532322 0.267040 0.049080 0.014679
0 0.531875 0.266518 0.049080 0.014679
0 0.533606 0.267766 0.049080 0.014679
0 0.535028 0.267103 0.049080 0.014679
0 0.535558 0.267313 0.049080 0.014679
0 0.535709 0.267851 0.049080 0.014679
0 0.535374 0.268321 0.049080 0.014679
0 0.534555 0.266614 0.049080 0.014679
0 0.534629 0.266251 0.049080 0.014679
0 0.535225 0.266656 0.049080 0.014679
0 0.535485 0.266891 0.049080 0.014679
0 0.535541 0.266347 0.049080 0.014679
0 0.538909 0.266133 0.049080 0.014679
0 0.538984 0.266347 0.049080 0.014679
0 0.538872 0.268502 0.049080 0.014679
0 0.539226 0.268107 0.049080 0.014679
0 0.544492 0.266101 0.049080 0.014679
0 0.532724 0.266846 0.049080 0.014679
0 0.533234 0.266048 0.049080 0.014679
0 0.532731 0.265952 0.049080 0.014679
0 0.525660 0.274211 0.049080 0.014679
0 0.526405 0.272706 0.049080 0.014679
0 0.526553 0.272365 0.049080 0.014679
0 0.526032 0.272237 0.049080 0.014679
0 0.526088 0.271682 0.049080 0.014679
0 0.526814 0.271725 0.049080 0.014679
0 0.528023 0.272344 0.049080 0.014679
0 0.525232 0.271693 0.049080 0.014679
0 0.522664 0.273133 0.049080 0.014679
0 0.522143 0.272802 0.049080 0.014679
0 0.522664 0.273443 0.049080 0.014679
0 0.521325 0.273155 0.049080 0.014679
0 0.521120 0.272749 0.049080 0.014679
0 0.521120 0.272440 0.049080 0.014679
0 0.529922 0.274904 0.049080 0.014679
0 0.531168 0.274318 0.049080 0.014679
0 0.531019 0.275310 0.049080 0.014679
0 0.531578 0.274883 0.049080 0.014679
0 0.532638 0.274659 0.049080 0.014679
0 0.536174 0.273165 0.049080 0.014679
0 0.536248 0.272376 0.049080 0.014679
0 0.530990 0.273858 0.049080 0.014679
0 0.530355 0.271287 0.049080 0.014679
0 0.530953 0.271148 0.049080 0.014679
0 0.529290 0.270548 0.049080 0.014679
0 0.529197 0.269905 0.049080 0.014679
0 0.528674 0.270183 0.049080 0.014679
0 0.528132 0.270998 0.049080 0.014679
0 0.522247 0.271126 0.049080 0.014679
0 0.521332 0.270183 0.049080 0.014679
0 0.522284 0.268812 0.049080 0.014679
0 0.521911 0.268555 0.049080 0.014679
0 0.525012 0.269498 0.049080 0.014679
0 0.513391 0.273312 0.049080 0.014679
0 0.510981 0.273215 0.049080 0.014679
0 0.509169 0.273322 0.049080 0.014679
0 0.508908 0.272883 0.049080 0.014679
0 0.508571 0.272615 0.049080 0.014679
0 0.507880 0.273987 0.049080 0.014679
0 0.507282 0.273826 0.049080 0.014679
0 0.506255 0.273483 0.049080 0.014679
0 0.505489 0.273515 0.049080 0.014679
0 0.499398 0.271383 0.049080 0.014679
0 0.505302 0.268673 0.049080 0.014679
0 0.506983 0.268244 0.049080 0.014679
0 0.507824 0.268748 0.049080 0.014679
0 0.508366 0.271019 0.049080 0.014679
0 0.509095 0.271715 0.049080 0.014679
0 0.509412 0.271490 0.049080 0.014679
0 0.511486 0.270858 0.049080 0.014679
0 0.514867 0.271512 0.049080 0.014679
0 0.512383 0.271458 0.049080 0.014679
0 0.520080 0.271105 0.049080 0.014679
0 0.520304 0.269884 0.049080 0.014679
0 0.496895 0.270837 0.049080 0.014679
0 0.506741 0.261613 0.049080 0.014679
0 0.507189 0.267869 0.049080 0.014679
0 0.519239 0.265630 0.049080 0.014679
0 0.518996 0.263531 0.049080 0.014679
0 0.521257 0.263252 0.049080 0.014679
0 0.522247 0.262631 0.049080 0.014679
0 0.522415 0.261934 0.049080 0.014679
0 0.525049 0.262234 0.049080 0.014679
0 0.525686 0.262664 0.049080 0.014679
0 0.524378 0.263072 0.049080 0.014679
0 0.524694 0.264870 0.049080 0.014679
0 0.524321 0.266134 0.049080 0.014679
0 0.522901 0.266295 0.049080 0.014679
0 0.525087 0.266123 0.049080 0.014679
0 0.525311 0.266927 0.049080 0.014679
0 0.525554 0.267377 0.049080 0.014679
0 0.525386 0.267666 0.049080 0.014679
0 0.526357 0.264891 0.049080 0.014679
0 0.526581 0.264613 0.049080 0.014679
0 0.527684 0.262813 0.049080 0.014679
0 0.527329 0.264023 0.049080 0.014679
0 0.527964 0.263284 0.049080 0.014679
0 0.529589 0.264388 0.049080 0.014679
0 0.529869 0.264570 0.049080 0.014679
0 0.530449 0.264763 0.049080 0.014679
0 0.531028 0.264356 0.049080 0.014679
0 0.531513 0.264388 0.049080 0.014679
0 0.531289 0.264913 0.049080 0.014679
0 0.530318 0.266423 0.049080 0.014679
0 0.529402 0.266198 0.049080 0.014679
0 0.528653 0.261680 0.049080 0.014679
0 0.530141 0.261955 0.049080 0.014679
0 0.530092 0.262425 0.049080 0.014679
0 0.532314 0.261858 0.049080 0.014679
0 0.532094 0.261613 0.049080 0.014679
0 0.533322 0.261287 0.049080 0.014679
0 0.533891 0.261413 0.049080 0.014679
0 0.531757 0.263201 0.049080 0.014679
0 0.536983 0.262852 0.049080 0.014679
0 0.534719 0.264254 0.049080 0.014679
0 0.535535 0.264393 0.049080 0.014679
0 0.534357 0.265908 0.049080 0.014679
0 0.536966 0.265624 0.049080 0.014679
0 0.537099 0.265915 0.049080 0.014679
0 0.537625 0.265271 0.049080 0.014679
0 0.538536 0.264975 0.049080 0.014679
0 0.536956 0.264787 0.049080 0.014679
0 0.537181 0.264179 0.049080 0.014679
0 0.536427 0.264219 0.049080 0.014679
0 0.537112 0.263438 0.049080 0.014679
0 0.537811 0.263653 0.049080 0.014679
0 0.537755 0.262648 0.049080 0.014679
0 0.538237 0.262140 0.049080 0.014679
0 0.538328 0.264536 0.049080 0.014679
0 0.538561 0.264152 0.049080 0.014679
0 0.539870 0.264754 0.049080 0.014679
0 0.541173 0.263638 0.049080 0.014679
0 0.541820 0.264195 0.049080 0.014679
0 0.542514 0.264137 0.049080 0.014679
0 0.546011 0.262845 0.049080 0.014679
0 0.541497 0.262793 0.049080 0.014679
0 0.540876 0.262303 0.049080 0.014679
0 0.540553 0.262118 0.049080 0.014679
0 0.539033 0.261863 0.049080 0.014679
0 0.549296 0.261013 0.049080 0.014679
0 0.547482 0.263905 0.049080 0.014679
0 0.550189 0.263668 0.049080 0.014679
0 0.549930 0.263623 0.049080 0.014679
0 0.560704 0.264002 0.049080 0.014679
0 0.560277 0.264877 0.049080 0.014679
0 0.561429 0.263994 0.049080 0.014679
0 0.559514 0.261295 0.049080 0.014679
0 0.565490 0.261183 0.049080 0.014679
0 0.563446 0.261042 0.049080 0.014679
0 0.568672 0.262214 0.049080 0.014679
0 0.570211 0.262793 0.049080 0.014679
0 0.569008 0.263905 0.049080 0.014679
0 0.573380 0.265151 0.049080 0.014679
0 0.558234 0.259982 0.049080 0.014679
0 0.557199 0.259885 0.049080 0.014679
0 0.558725 0.259062 0.049080 0.014679
0 0.558273 0.258943 0.049080 0.014679
0 0.557652 0.258536 0.049080 0.014679
0 0.556630 0.257579 0.049080 0.014679
0 0.557160 0.257282 0.049080 0.014679
0 0.557729 0.257853 0.049080 0.014679
0 0.556332 0.256221 0.049080 0.014679
0 0.548844 0.259945 0.049080 0.014679
0 0.549361 0.260316 0.049080 0.014679
0 0.549878 0.260308 0.049080 0.014679
0 0.550150 0.260568 0.049080 0.014679
0 0.549451 0.259782 0.049080 0.014679
0 0.550124 0.259411 0.049080 0.014679
0 0.549878 0.259070 0.049080 0.014679
0 0.549219 0.258736 0.049080 0.014679
0 0.550318 0.255910 0.049080 0.014679
0 0.549891 0.256488 0.049080 0.014679
0 0.550357 0.256815 0.049080 0.014679
0 0.543036 0.258113 0.049080 0.014679
0 0.543489 0.257052 0.049080 0.014679
0 0.544317 0.256770 0.049080 0.014679
0 0.547110 0.256592 0.049080 0.014679
0 0.540643 0.256207 0.049080 0.014679
0 0.537655 0.258721 0.049080 0.014679
0 0.538573 0.258800 0.049080 0.014679
0 0.540346 0.258409 0.049080 0.014679
0 0.537926 0.259816 0.049080 0.014679
0 0.533710 0.260264 0.049080 0.014679
0 0.532947 0.259566 0.049080 0.014679
0 0.531925 0.258728 0.049080 0.014679
0 0.533193 0.258543 0.049080 0.014679
0 0.534176 0.258587 0.049080 0.014679
0 0.531279 0.257527 0.049080 0.014679
0 0.529442 0.257312 0.049080 0.014679
0 0.531576 0.259181 0.049080 0.014679
0 0.531951 0.260516 0.049080 0.014679
0 0.530490 0.260894 0.049080 0.014679
0 0.527680 0.259862 0.049080 0.014679
0 0.526377 0.259433 0.049080 0.014679
0 0.526554 0.260172 0.049080 0.014679
0 0.522702 0.260743 0.049080 0.014679
0 0.528601 0.260998 0.049080 0.014679
0 0.497249 0.259767 0.049080 0.014679
0 0.499034 0.253841 0.049080 0.014679
0 0.510920 0.256244 0.049080 0.014679
0 0.515745 0.254501 0.049080 0.014679
0 0.517478 0.255272 0.049080 0.014679
0 0.517413 0.256637 0.049080 0.014679
0 0.519651 0.253129 0.049080 0.014679
0 0.525859 0.253106 0.049080 0.014679
0 0.529765 0.251868 0.049080 0.014679
0 0.533749 0.253173 0.049080 0.014679
0 0.540540 0.254226 0.049080 0.014679
0 0.540514 0.254367 0.049080 0.014679
0 0.540384 0.254760 0.049080 0.014679
0 0.542764 0.254723 0.049080 0.014679
0 0.543178 0.255102 0.049080 0.014679
0 0.545080 0.253410 0.049080 0.014679
0 0.544717 0.254204 0.049080 0.014679
0 0.546063 0.254271 0.049080 0.014679
0 0.544355 0.255450 0.049080 0.014679
0 0.546722 0.252780 0.049080 0.014679
0 0.551159 0.254567 0.049080 0.014679
0 0.563781 0.251718 0.049080 0.014679
0 0.543447 0.251862 0.049080 0.014679
0 0.544000 0.251030 0.049080 0.014679
0 0.544478 0.251577 0.049080 0.014679
0 0.545948 0.251479 0.049080 0.014679
0 0.545604 0.251216 0.049080 0.014679
0 0.543790 0.249475 0.049080 0.014679
0 0.533920 0.249114 0.049080 0.014679
0 0.525635 0.249223 0.049080 0.014679
0 0.523210 0.248008 0.049080 0.014679
0 0.517196 0.249344 0.049080 0.014679
0 0.517215 0.248052 0.049080 0.014679
0 0.515402 0.250439 0.049080 0.014679
0 0.513989 0.250745 0.049080 0.014679
0 0.515039 0.251282 0.049080 0.014679
0 0.514962 0.251818 0.049080 0.014679
0 0.511812 0.250734 0.049080 0.014679
0 0.509789 0.250986 0.049080 0.014679
0 0.509273 0.250023 0.049080 0.014679
0 0.513263 0.249355 0.049080 0.014679
0 0.510323 0.247275 0.049080 0.014679
0 0.508376 0.247702 0.049080 0.014679
0 0.504501 0.247253 0.049080 0.014679
0 0.504290 0.247778 0.049080 0.014679
0 0.505321 0.251906 0.049080 0.014679
0 0.503355 0.251785 0.049080 0.014679
0 0.499785 0.249158 0.049080 0.014679
0 0.503260 0.248545 0.049080 0.014679
0 0.502477 0.244155 0.049080 0.014679
0 0.504978 0.241013 0.049080 0.014679
0 0.506601 0.240476 0.049080 0.014679
0 0.515459 0.240028 0.049080 0.014679
0 0.507765 0.245523 0.049080 0.014679
0 0.520480 0.241889 0.049080 0.014679
0 0.522465 0.241243 0.049080 0.014679
0 0.522580 0.242042 0.049080 0.014679
0 0.524833 0.244844 0.049080 0.014679
0 0.527200 0.243202 0.049080 0.014679
0 0.528861 0.242173 0.049080 0.014679
0 0.531324 0.240531 0.049080 0.014679
0 0.532374 0.241089 0.049080 0.014679
0 0.536116 0.239831 0.049080 0.014679
0 0.543695 0.243848 0.049080 0.014679
0 0.543944 0.243410 0.049080 0.014679
0 0.544077 0.241253 0.049080 0.014679
0 0.540965 0.239020 0.049080 0.014679
0 0.545890 0.240367 0.049080 0.014679
0 0.548754 0.242129 0.049080 0.014679
0 0.549422 0.242458 0.049080 0.014679
0 0.548200 0.242721 0.049080 0.014679
0 0.539361 0.234346 0.049080 0.014679
0 0.534187 0.236492 0.049080 0.014679
0 0.501519 0.245971 0.049080 0.014679
0 0.500207 0.249747 0.049080 0.014679
0 0.498586 0.250190 0.049080 0.014679
0 0.511268 0.248449 0.049080 0.014679
0 0.511705 0.248346 0.049080 0.014679
0 0.511216 0.248744 0.049080 0.014679
0 0.534136 0.235440 0.049080 0.014679
0 0.531743 0.240986 0.049080 0.014679
0 0.560013 0.272448 0.049080 0.014679
0 0.554163 0.273437 0.049080 0.014679
0 0.313572 0.136960 0.049080 0.014679
0 0.313972 0.137167 0.049080 0.014679
0 0.311919 0.141265 0.049080 0.014679
0 0.305666 0.142580 0.049080 0.014679
0 0.306106 0.142006 0.049080 0.014679
0 0.304413 0.140783 0.049080 0.014679
0 0.304720 0.140737 0.049080 0.014679
0 0.304787 0.141043 0.049080 0.014679
0 0.300694 0.135462 0.049080 0.014679
0 0.299174 0.134827 0.049080 0.014679
0 0.296294 0.135340 0.049080 0.014679
0 0.297547 0.136280 0.049080 0.014679
0 0.309879 0.134308 0.049080 0.014679
0 0.302093 0.132144 0.049080 0.014679
0 0.296854 0.131295 0.049080 0.014679
0 0.301240 0.131188 0.049080 0.014679
0 0.301387 0.130906 0.049080 0.014679
0 0.306106 0.125615 0.049080 0.014679
0 0.311306 0.126632 0.049080 0.014679
0 0.319652 0.128108 0.049080 0.014679
0 0.317439 0.125692 0.049080 0.014679
0 0.322518 0.126464 0.049080 0.014679
0 0.328144 0.122794 0.049080 0.014679
0 0.331051 0.123719 0.049080 0.014679
0 0.330878 0.122099 0.049080 0.014679
0 0.331944 0.122328 0.049080 0.014679
0 0.327973 0.128634 0.049080 0.014679
0 0.345931 0.130743 0.049080 0.014679
0 0.347101 0.133671 0.049080 0.014679
0 0.343740 0.133192 0.049080 0.014679
0 0.342886 0.133543 0.049080 0.014679
0 0.342031 0.133607 0.049080 0.014679
0 0.341418 0.133320 0.049080 0.014679
0 0.342254 0.131850 0.049080 0.014679
0 0.336293 0.132393 0.049080 0.014679
0 0.340991 0.134193 0.049080 0.014679
0 0.335773 0.134012 0.049080 0.014679
0 0.330183 0.131296 0.049080 0.014679
0 0.312874 0.142638 0.049080 0.014679
0 0.322420 0.146333 0.049080 0.014679
0 0.332318 0.142127 0.049080 0.014679
0 0.346228 0.149283 0.049080 0.014679
0 0.339747 0.147984 0.049080 0.014679
0 0.339821 0.150263 0.049080 0.014679
0 0.334268 0.152574 0.049080 0.014679
0 0.339472 0.158300 0.049080 0.014679
0 0.340087 0.158370 0.049080 0.014679
0 0.341587 0.158187 0.049080 0.014679
0 0.340505 0.155676 0.049080 0.014679
0 0.336372 0.156311 0.049080 0.014679
0 0.337356 0.157058 0.049080 0.014679
0 0.507684 0.233913 0.049080 0.014679
0 0.511761 0.234759 0.049080 0.014679
0 0.515963 0.234417 0.049080 0.014679
0 0.516950 0.234408 0.049080 0.014679
0 0.517044 0.233671 0.049080 0.014679
0 0.519271 0.235496 0.049080 0.014679
0 0.520792 0.237078 0.049080 0.014679
0 0.522093 0.238328 0.049080 0.014679
0 0.529305 0.239766 0.049080 0.014679
0 0.529681 0.238139 0.049080 0.014679
0 0.530293 0.237609 0.049080 0.014679
0 0.528160 0.235981 0.049080 0.014679
0 0.527329 0.236305 0.049080 0.014679
0 0.529462 0.231297 0.049080 0.014679
0 0.534714 0.231180 0.049080 0.014679
0 0.534244 0.231612 0.049080 0.014679
0 0.534855 0.231630 0.049080 0.014679
0 0.537850 0.232646 0.049080 0.014679
0 0.536752 0.232835 0.049080 0.014679
0 0.537473 0.234021 0.049080 0.014679
0 0.538367 0.233752 0.049080 0.014679
0 0.541362 0.234201 0.049080 0.014679
0 0.540578 0.236062 0.049080 0.014679
0 0.541268 0.236071 0.049080 0.014679
0 0.541127 0.235658 0.049080 0.014679
0 0.542099 0.236440 0.049080 0.014679
0 0.543651 0.236512 0.049080 0.014679
0 0.535968 0.235550 0.049080 0.014679
0 0.536392 0.235469 0.049080 0.014679
0 0.536407 0.236386 0.049080 0.014679
0 0.537019 0.236386 0.049080 0.014679
0 0.538038 0.236925 0.049080 0.014679
0 0.535373 0.236889 0.049080 0.014679
0 0.533679 0.235909 0.049080 0.014679
0 0.534228 0.236107 0.049080 0.014679
0 0.529289 0.236566 0.049080 0.014679
0 0.525589 0.238948 0.049080 0.014679
0 0.506226 0.237779 0.049080 0.014679
0 0.500096 0.239586 0.049080 0.014679
0 0.501789 0.240306 0.049080 0.014679
0 0.502463 0.241591 0.049080 0.014679
0 0.507026 0.240117 0.049080 0.014679
0 0.510554 0.238894 0.049080 0.014679
0 0.501632 0.244244 0.049080 0.014679
0 0.501413 0.244414 0.049080 0.014679
0 0.501774 0.244729 0.049080 0.014679
0 0.502228 0.244720 0.049080 0.014679
0 0.502761 0.244315 0.049080 0.014679
0 0.504157 0.244963 0.049080 0.014679
0 0.504690 0.245664 0.049080 0.014679
0 0.502134 0.245745 0.049080 0.014679
0 0.500723 0.246284 0.049080 0.014679
0 0.498638 0.246392 0.049080 0.014679
0 0.503279 0.246221 0.049080 0.014679
0 0.503608 0.246608 0.049080 0.014679
0 0.503984 0.246986 0.049080 0.014679
0 0.504784 0.246680 0.049080 0.014679
0 0.504439 0.246797 0.049080 0.014679
0 0.503326 0.247066 0.049080 0.014679
0 0.505270 0.247435 0.049080 0.014679
0 0.506900 0.247327 0.049080 0.014679
0 0.506885 0.247903 0.049080 0.014679
0 0.504705 0.248136 0.049080 0.014679
0 0.504815 0.248343 0.049080 0.014679
0 0.505301 0.247894 0.049080 0.014679
0 0.505787 0.247903 0.049080 0.014679
0 0.506069 0.247822 0.049080 0.014679
0 0.499014 0.249521 0.049080 0.014679
0 0.508954 0.249044 0.049080 0.014679
0 0.509676 0.248990 0.049080 0.014679
0 0.510648 0.248595 0.049080 0.014679
0 0.512027 0.248892 0.049080 0.014679
0 0.511635 0.248793 0.049080 0.014679
0 0.512278 0.248055 0.049080 0.014679
0 0.512482 0.247516 0.049080 0.014679
0 0.514034 0.247606 0.049080 0.014679
0 0.516057 0.246042 0.049080 0.014679
0 0.515477 0.246320 0.049080 0.014679
0 0.509801 0.241196 0.049080 0.014679
0 0.519788 0.244279 0.049080 0.014679
0 0.519929 0.243138 0.049080 0.014679
0 0.520149 0.243398 0.049080 0.014679
0 0.520556 0.242194 0.049080 0.014679
0 0.524884 0.243470 0.049080 0.014679
0 0.524429 0.243749 0.049080 0.014679
0 0.524021 0.244127 0.049080 0.014679
0 0.527188 0.244172 0.049080 0.014679
0 0.526828 0.244046 0.049080 0.014679
0 0.526389 0.243992 0.049080 0.014679
0 0.526044 0.244199 0.049080 0.014679
0 0.526295 0.243398 0.049080 0.014679
0 0.526796 0.243632 0.049080 0.014679
0 0.528051 0.244603 0.049080 0.014679
0 0.528396 0.244873 0.049080 0.014679
0 0.529697 0.244675 0.049080 0.014679
0 0.527502 0.245790 0.049080 0.014679
0 0.527596 0.246707 0.049080 0.014679
0 0.527800 0.246887 0.049080 0.014679
0 0.528944 0.247606 0.049080 0.014679
0 0.528113 0.247840 0.049080 0.014679
0 0.530841 0.247552 0.049080 0.014679
0 0.532880 0.246311 0.049080 0.014679
0 0.532535 0.245835 0.049080 0.014679
0 0.524805 0.245331 0.049080 0.014679
0 0.524790 0.246599 0.049080 0.014679
0 0.525856 0.246590 0.049080 0.014679
0 0.524366 0.245637 0.049080 0.014679
0 0.523300 0.246482 0.049080 0.014679
0 0.521889 0.246698 0.049080 0.014679
0 0.522908 0.247597 0.049080 0.014679
0 0.524633 0.247696 0.049080 0.014679
0 0.524241 0.248550 0.049080 0.014679
0 0.529289 0.248298 0.049080 0.014679
0 0.531218 0.248613 0.049080 0.014679
0 0.526326 0.248604 0.049080 0.014679
0 0.519788 0.247013 0.049080 0.014679
0 0.516637 0.249089 0.049080 0.014679
0 0.515069 0.249359 0.049080 0.014679
0 0.515179 0.249854 0.049080 0.014679
0 0.517327 0.249179 0.049080 0.014679
0 0.524852 0.249952 0.049080 0.014679
0 0.525338 0.250231 0.049080 0.014679
0 0.525573 0.249898 0.049080 0.014679
0 0.526624 0.249827 0.049080 0.014679
0 0.527047 0.249431 0.049080 0.014679
0 0.527988 0.249116 0.049080 0.014679
0 0.529242 0.249665 0.049080 0.014679
0 0.528662 0.249683 0.049080 0.014679
0 0.529775 0.250573 0.049080 0.014679
0 0.535184 0.249674 0.049080 0.014679
0 0.538932 0.247156 0.049080 0.014679
0 0.539543 0.246230 0.049080 0.014679
0 0.539621 0.245853 0.049080 0.014679
0 0.537238 0.246491 0.049080 0.014679
0 0.537850 0.246518 0.049080 0.014679
0 0.538524 0.245709 0.049080 0.014679
0 0.535137 0.246230 0.049080 0.014679
0 0.535859 0.245511 0.049080 0.014679
0 0.533914 0.246635 0.049080 0.014679
0 0.528145 0.245017 0.049080 0.014679
0 0.527408 0.242400 0.049080 0.014679
0 0.527486 0.242230 0.049080 0.014679
0 0.529587 0.241187 0.049080 0.014679
0 0.529916 0.241582 0.049080 0.014679
0 0.531077 0.240755 0.049080 0.014679
0 0.530073 0.239910 0.049080 0.014679
0 0.530857 0.240126 0.049080 0.014679
0 0.531469 0.240198 0.049080 0.014679
0 0.531312 0.239910 0.049080 0.014679
0 0.531735 0.240000 0.049080 0.014679
0 0.532268 0.239766 0.049080 0.014679
0 0.532253 0.239604 0.049080 0.014679
0 0.532409 0.240072 0.049080 0.014679
0 0.532958 0.240018 0.049080 0.014679
0 0.534228 0.240288 0.049080 0.014679
0 0.537771 0.240360 0.049080 0.014679
0 0.538257 0.240198 0.049080 0.014679
0 0.534714 0.238786 0.049080 0.014679
0 0.533570 0.238624 0.049080 0.014679
0 0.532927 0.238768 0.049080 0.014679
0 0.536235 0.239290 0.049080 0.014679
0 0.536015 0.238274 0.049080 0.014679
0 0.540452 0.238229 0.049080 0.014679
0 0.540593 0.238499 0.049080 0.014679
0 0.543604 0.239335 0.049080 0.014679
0 0.546394 0.239452 0.049080 0.014679
0 0.545720 0.240063 0.049080 0.014679
0 0.544482 0.240198 0.049080 0.014679
0 0.544482 0.239640 0.049080 0.014679
0 0.544105 0.239748 0.049080 0.014679
0 0.543133 0.239775 0.049080 0.014679
0 0.543996 0.240477 0.049080 0.014679
0 0.544058 0.240836 0.049080 0.014679
0 0.543729 0.241519 0.049080 0.014679
0 0.541189 0.241214 0.049080 0.014679
0 0.541724 0.241193 0.049080 0.014679
0 0.542020 0.241636 0.049080 0.014679
0 0.541236 0.242787 0.049080 0.014679
0 0.541189 0.243282 0.049080 0.014679
0 0.541832 0.243776 0.049080 0.014679
0 0.542741 0.244037 0.049080 0.014679
0 0.542459 0.244315 0.049080 0.014679
0 0.544670 0.243677 0.049080 0.014679
0 0.546573 0.244215 0.049080 0.014679
0 0.546316 0.243956 0.049080 0.014679
0 0.547414 0.243461 0.049080 0.014679
0 0.547100 0.243273 0.049080 0.014679
0 0.546818 0.243219 0.049080 0.014679
0 0.546065 0.242976 0.049080 0.014679
0 0.545994 0.242717 0.049080 0.014679
0 0.546692 0.242580 0.049080 0.014679
0 0.546551 0.242293 0.049080 0.014679
0 0.548182 0.240755 0.049080 0.014679
0 0.548715 0.240854 0.049080 0.014679
0 0.549467 0.241178 0.049080 0.014679
0 0.551490 0.242544 0.049080 0.014679
0 0.550518 0.242940 0.049080 0.014679
0 0.549467 0.242859 0.049080 0.014679
0 0.549954 0.242445 0.049080 0.014679
0 0.549797 0.242104 0.049080 0.014679
0 0.548856 0.241798 0.049080 0.014679
0 0.548901 0.242426 0.049080 0.014679
0 0.547853 0.242436 0.049080 0.014679
0 0.547868 0.243048 0.049080 0.014679
0 0.542412 0.246257 0.049080 0.014679
0 0.543831 0.246291 0.049080 0.014679
0 0.544105 0.245709 0.049080 0.014679
0 0.543604 0.247390 0.049080 0.014679
0 0.542945 0.248784 0.049080 0.014679
0 0.543698 0.249116 0.049080 0.014679
0 0.544168 0.250006 0.049080 0.014679
0 0.543604 0.250348 0.049080 0.014679
0 0.543212 0.250555 0.049080 0.014679
0 0.544152 0.250771 0.049080 0.014679
0 0.544497 0.250573 0.049080 0.014679
0 0.544905 0.250798 0.049080 0.014679
0 0.544466 0.251310 0.049080 0.014679
0 0.544983 0.251571 0.049080 0.014679
0 0.546034 0.251795 0.049080 0.014679
0 0.541236 0.249170 0.049080 0.014679
0 0.541550 0.249485 0.049080 0.014679
0 0.540280 0.249575 0.049080 0.014679
0 0.539543 0.249467 0.049080 0.014679
0 0.539386 0.248586 0.049080 0.014679
0 0.538649 0.250420 0.049080 0.014679
0 0.538932 0.252757 0.049080 0.014679
0 0.540735 0.252191 0.049080 0.014679
0 0.541581 0.252119 0.049080 0.014679
0 0.541848 0.251804 0.049080 0.014679
0 0.541534 0.251490 0.049080 0.014679
0 0.542835 0.251373 0.049080 0.014679
0 0.543619 0.251346 0.049080 0.014679
0 0.544529 0.252119 0.049080 0.014679
0 0.545595 0.251885 0.049080 0.014679
0 0.546567 0.251858 0.049080 0.014679
0 0.547868 0.252353 0.049080 0.014679
0 0.546724 0.252506 0.049080 0.014679
0 0.545407 0.252991 0.049080 0.014679
0 0.545517 0.252632 0.049080 0.014679
0 0.545125 0.252659 0.049080 0.014679
0 0.544262 0.252677 0.049080 0.014679
0 0.543839 0.252892 0.049080 0.014679
0 0.541738 0.252524 0.049080 0.014679
0 0.541095 0.252650 0.049080 0.014679
0 0.541393 0.252964 0.049080 0.014679
0 0.539998 0.253252 0.049080 0.014679
0 0.539998 0.253576 0.049080 0.014679
0 0.539402 0.253881 0.049080 0.014679
0 0.540170 0.253899 0.049080 0.014679
0 0.540640 0.253827 0.049080 0.014679
0 0.539245 0.254268 0.049080 0.014679
0 0.541957 0.254627 0.049080 0.014679
0 0.542444 0.254340 0.049080 0.014679
0 0.542365 0.253962 0.049080 0.014679
0 0.542381 0.253504 0.049080 0.014679
0 0.543133 0.253692 0.049080 0.014679
0 0.543337 0.253477 0.049080 0.014679
0 0.542977 0.253279 0.049080 0.014679
0 0.542945 0.252730 0.049080 0.014679
0 0.542444 0.252928 0.049080 0.014679
0 0.544090 0.253405 0.049080 0.014679
0 0.544043 0.253594 0.049080 0.014679
0 0.544686 0.253360 0.049080 0.014679
0 0.546050 0.253576 0.049080 0.014679
0 0.545956 0.253791 0.049080 0.014679
0 0.545407 0.253827 0.049080 0.014679
0 0.545015 0.253809 0.049080 0.014679
0 0.545077 0.254070 0.049080 0.014679
0 0.543855 0.254070 0.049080 0.014679
0 0.543416 0.254421 0.049080 0.014679
0 0.544137 0.254484 0.049080 0.014679
0 0.544497 0.254717 0.049080 0.014679
0 0.544686 0.254385 0.049080 0.014679
0 0.545109 0.254367 0.049080 0.014679
0 0.544827 0.255023 0.049080 0.014679
0 0.544889 0.254852 0.049080 0.014679
0 0.545313 0.254663 0.049080 0.014679
0 0.546081 0.254726 0.049080 0.014679
0 0.546583 0.254196 0.049080 0.014679
0 0.546645 0.254798 0.049080 0.014679
0 0.546112 0.255032 0.049080 0.014679
0 0.545517 0.255257 0.049080 0.014679
0 0.546896 0.255697 0.049080 0.014679
0 0.546661 0.255482 0.049080 0.014679
0 0.546316 0.255823 0.049080 0.014679
0 0.546222 0.256426 0.049080 0.014679
0 0.545877 0.256695 0.049080 0.014679
0 0.545172 0.256767 0.049080 0.014679
0 0.545548 0.256381 0.049080 0.014679
0 0.544795 0.256417 0.049080 0.014679
0 0.544905 0.256093 0.049080 0.014679
0 0.544952 0.255805 0.049080 0.014679
0 0.545391 0.255760 0.049080 0.014679
0 0.545548 0.255994 0.049080 0.014679
0 0.543369 0.254789 0.049080 0.014679
0 0.543839 0.254672 0.049080 0.014679
0 0.543964 0.254915 0.049080 0.014679
0 0.544121 0.255203 0.049080 0.014679
0 0.544027 0.255670 0.049080 0.014679
0 0.542757 0.255634 0.049080 0.014679
0 0.543165 0.255931 0.049080 0.014679
0 0.542396 0.255041 0.049080 0.014679
0 0.541722 0.255032 0.049080 0.014679
0 0.541142 0.255185 0.049080 0.014679
0 0.540640 0.255167 0.049080 0.014679
0 0.541424 0.255356 0.049080 0.014679
0 0.540640 0.255688 0.049080 0.014679
0 0.541142 0.255598 0.049080 0.014679
0 0.540954 0.256039 0.049080 0.014679
0 0.541769 0.256183 0.049080 0.014679
0 0.542052 0.255994 0.049080 0.014679
0 0.541581 0.256533 0.049080 0.014679
0 0.533820 0.254313 0.049080 0.014679
0 0.535247 0.255014 0.049080 0.014679
0 0.535623 0.255356 0.049080 0.014679
0 0.537144 0.255562 0.049080 0.014679
0 0.537317 0.256471 0.049080 0.014679
0 0.536611 0.256165 0.049080 0.014679
0 0.525197 0.251148 0.049080 0.014679
0 0.526342 0.251921 0.049080 0.014679
0 0.527094 0.252380 0.049080 0.014679
0 0.527502 0.252362 0.049080 0.014679
0 0.528082 0.252245 0.049080 0.014679
0 0.528929 0.251661 0.049080 0.014679
0 0.529634 0.252892 0.049080 0.014679
0 0.529979 0.253225 0.049080 0.014679
0 0.530559 0.253180 0.049080 0.014679
0 0.530434 0.253728 0.049080 0.014679
0 0.529713 0.253531 0.049080 0.014679
0 0.529854 0.254133 0.049080 0.014679
0 0.530105 0.254502 0.049080 0.014679
0 0.529038 0.253899 0.049080 0.014679
0 0.531375 0.254079 0.049080 0.014679
0 0.531625 0.254232 0.049080 0.014679
0 0.531218 0.254681 0.049080 0.014679
0 0.536846 0.254690 0.049080 0.014679
0 0.510632 0.250051 0.049080 0.014679
0 0.510459 0.249791 0.049080 0.014679
0 0.509033 0.250681 0.049080 0.014679
0 0.509676 0.251238 0.049080 0.014679
0 0.504627 0.251930 0.049080 0.014679
0 0.503451 0.252281 0.049080 0.014679
0 0.502401 0.251193 0.049080 0.014679
0 0.502134 0.251436 0.049080 0.014679
0 0.501915 0.250833 0.049080 0.014679
0 0.501868 0.250222 0.049080 0.014679
0 0.500786 0.250177 0.049080 0.014679
0 0.500049 0.250105 0.049080 0.014679
0 0.500472 0.251094 0.049080 0.014679
0 0.503827 0.252632 0.049080 0.014679
0 0.497729 0.254025 0.049080 0.014679
0 0.499328 0.255014 0.049080 0.014679
0 0.504847 0.252784 0.049080 0.014679
0 0.522642 0.257945 0.049080 0.014679
0 0.526248 0.258323 0.049080 0.014679
0 0.525730 0.258179 0.049080 0.014679
0 0.526310 0.257945 0.049080 0.014679
0 0.528113 0.256632 0.049080 0.014679
0 0.525746 0.256983 0.049080 0.014679
0 0.528066 0.253297 0.049080 0.014679
0 0.525464 0.252272 0.049080 0.014679
0 0.547351 0.254340 0.049080 0.014679
0 0.548699 0.254322 0.049080 0.014679
0 0.549420 0.254133 0.049080 0.014679
0 0.549358 0.254493 0.049080 0.014679
0 0.549969 0.254987 0.049080 0.014679
0 0.550032 0.254744 0.049080 0.014679
0 0.550142 0.254421 0.049080 0.014679
0 0.550251 0.254214 0.049080 0.014679
0 0.550659 0.254034 0.049080 0.014679
0 0.550534 0.253719 0.049080 0.014679
0 0.551271 0.254286 0.049080 0.014679
0 0.552070 0.254340 0.049080 0.014679
0 0.551709 0.254636 0.049080 0.014679
0 0.552243 0.254942 0.049080 0.014679
0 0.551302 0.254951 0.049080 0.014679
0 0.551568 0.255176 0.049080 0.014679
0 0.553544 0.254250 0.049080 0.014679
0 0.553356 0.255688 0.049080 0.014679
0 0.553826 0.255410 0.049080 0.014679
0 0.554657 0.255284 0.049080 0.014679
0 0.554610 0.255634 0.049080 0.014679
0 0.553654 0.256048 0.049080 0.014679
0 0.553622 0.256336 0.049080 0.014679
0 0.553951 0.256614 0.049080 0.014679
0 0.554422 0.256659 0.049080 0.014679
0 0.552493 0.256515 0.049080 0.014679
0 0.552196 0.257145 0.049080 0.014679
0 0.552619 0.256965 0.049080 0.014679
0 0.551239 0.257352 0.049080 0.014679
0 0.550690 0.257280 0.049080 0.014679
0 0.550283 0.257567 0.049080 0.014679
0 0.549232 0.257271 0.049080 0.014679
0 0.548542 0.257370 0.049080 0.014679
0 0.549609 0.256794 0.049080 0.014679
0 0.549060 0.256929 0.049080 0.014679
0 0.550236 0.256560 0.049080 0.014679
0 0.550534 0.255347 0.049080 0.014679
0 0.550612 0.255688 0.049080 0.014679
0 0.551615 0.255814 0.049080 0.014679
0 0.551694 0.256030 0.049080 0.014679
0 0.551568 0.256264 0.049080 0.014679
0 0.551835 0.256399 0.049080 0.014679
0 0.552148 0.256021 0.049080 0.014679
0 0.550988 0.256318 0.049080 0.014679
0 0.550628 0.256462 0.049080 0.014679
0 0.550142 0.256309 0.049080 0.014679
0 0.549954 0.256021 0.049080 0.014679
0 0.550142 0.255383 0.049080 0.014679
0 0.549734 0.255167 0.049080 0.014679
0 0.547664 0.254798 0.049080 0.014679
0 0.548997 0.254762 0.049080 0.014679
0 0.548009 0.257576 0.049080 0.014679
0 0.548589 0.257675 0.049080 0.014679
0 0.548731 0.257855 0.049080 0.014679
0 0.548370 0.258215 0.049080 0.014679
0 0.547727 0.258089 0.049080 0.014679
0 0.548009 0.257855 0.049080 0.014679
0 0.547288 0.257720 0.049080 0.014679
0 0.546159 0.257765 0.049080 0.014679
0 0.546238 0.258044 0.049080 0.014679
0 0.543933 0.257522 0.049080 0.014679
0 0.544450 0.257747 0.049080 0.014679
0 0.544560 0.258062 0.049080 0.014679
0 0.545046 0.257729 0.049080 0.014679
0 0.543761 0.257981 0.049080 0.014679
0 0.543039 0.257855 0.049080 0.014679
0 0.543149 0.257621 0.049080 0.014679
0 0.542930 0.257271 0.049080 0.014679
0 0.542444 0.257253 0.049080 0.014679
0 0.541769 0.257397 0.049080 0.014679
0 0.542161 0.257567 0.049080 0.014679
0 0.540891 0.257208 0.049080 0.014679
0 0.540531 0.256578 0.049080 0.014679
0 0.540593 0.257154 0.049080 0.014679
0 0.540970 0.257792 0.049080 0.014679
0 0.542255 0.258700 0.049080 0.014679
0 0.542867 0.258556 0.049080 0.014679
0 0.543337 0.258502 0.049080 0.014679
0 0.543823 0.258502 0.049080 0.014679
0 0.544215 0.258601 0.049080 0.014679
0 0.543651 0.258862 0.049080 0.014679
0 0.544184 0.258907 0.049080 0.014679
0 0.543980 0.259267 0.049080 0.014679
0 0.542945 0.259437 0.049080 0.014679
0 0.543792 0.259716 0.049080 0.014679
0 0.544889 0.259905 0.049080 0.014679
0 0.545799 0.259833 0.049080 0.014679
0 0.546975 0.259186 0.049080 0.014679
0 0.545626 0.258269 0.049080 0.014679
0 0.546818 0.258448 0.049080 0.014679
0 0.547210 0.258709 0.049080 0.014679
0 0.547570 0.258502 0.049080 0.014679
0 0.547868 0.258781 0.049080 0.014679
0 0.547570 0.259006 0.049080 0.014679
0 0.548088 0.259231 0.049080 0.014679
0 0.548825 0.259374 0.049080 0.014679
0 0.548950 0.259707 0.049080 0.014679
0 0.548934 0.258781 0.049080 0.014679
0 0.548950 0.259069 0.049080 0.014679
0 0.549436 0.259177 0.049080 0.014679
0 0.550220 0.259186 0.049080 0.014679
0 0.550283 0.258907 0.049080 0.014679
0 0.549091 0.258457 0.049080 0.014679
0 0.549812 0.258080 0.049080 0.014679
0 0.550063 0.258107 0.049080 0.014679
0 0.549812 0.261253 0.049080 0.014679
0 0.549295 0.260669 0.049080 0.014679
0 0.541879 0.260732 0.049080 0.014679
0 0.542318 0.260795 0.049080 0.014679
0 0.543870 0.260327 0.049080 0.014679
0 0.555927 0.257109 0.049080 0.014679
0 0.556146 0.255284 0.049080 0.014679
0 0.557636 0.255311 0.049080 0.014679
0 0.557040 0.255428 0.049080 0.014679
0 0.557463 0.255598 0.049080 0.014679
0 0.557213 0.255805 0.049080 0.014679
0 0.556633 0.255967 0.049080 0.014679
0 0.557354 0.256192 0.049080 0.014679
0 0.558059 0.256731 0.049080 0.014679
0 0.557260 0.257019 0.049080 0.014679
0 0.558373 0.257415 0.049080 0.014679
0 0.557777 0.257603 0.049080 0.014679
0 0.556711 0.256659 0.049080 0.014679
0 0.556194 0.256551 0.049080 0.014679
0 0.555880 0.256309 0.049080 0.014679
0 0.555441 0.256471 0.049080 0.014679
0 0.555692 0.256740 0.049080 0.014679
0 0.558106 0.258637 0.049080 0.014679
0 0.556836 0.258332 0.049080 0.014679
0 0.558922 0.258862 0.049080 0.014679
0 0.558341 0.259482 0.049080 0.014679
0 0.558091 0.259231 0.049080 0.014679
0 0.557432 0.259437 0.049080 0.014679
0 0.557824 0.259779 0.049080 0.014679
0 0.558232 0.259743 0.049080 0.014679
0 0.558828 0.259788 0.049080 0.014679
0 0.559172 0.259851 0.049080 0.014679
0 0.559392 0.259276 0.049080 0.014679
0 0.559470 0.259563 0.049080 0.014679
0 0.559172 0.260175 0.049080 0.014679
0 0.558671 0.260327 0.049080 0.014679
0 0.559470 0.260732 0.049080 0.014679
0 0.559737 0.261092 0.049080 0.014679
0 0.560787 0.261038 0.049080 0.014679
0 0.559988 0.260696 0.049080 0.014679
0 0.560646 0.260579 0.049080 0.014679
0 0.559847 0.260309 0.049080 0.014679
0 0.557793 0.260166 0.049080 0.014679
0 0.557589 0.260013 0.049080 0.014679
0 0.557150 0.260148 0.049080 0.014679
0 0.557511 0.260238 0.049080 0.014679
0 0.557432 0.260543 0.049080 0.014679
0 0.556915 0.260669 0.049080 0.014679
0 0.557228 0.260966 0.049080 0.014679
0 0.557636 0.260894 0.049080 0.014679
0 0.557746 0.261217 0.049080 0.014679
0 0.556664 0.261595 0.049080 0.014679
0 0.557416 0.261685 0.049080 0.014679
0 0.557730 0.261874 0.049080 0.014679
0 0.557981 0.261667 0.049080 0.014679
0 0.556664 0.262584 0.049080 0.014679
0 0.552917 0.262368 0.049080 0.014679
0 0.558451 0.262827 0.049080 0.014679
0 0.558655 0.262728 0.049080 0.014679
0 0.558796 0.262197 0.049080 0.014679
0 0.559627 0.262422 0.049080 0.014679
0 0.560035 0.262620 0.049080 0.014679
0 0.560693 0.262890 0.049080 0.014679
0 0.560725 0.262341 0.049080 0.014679
0 0.561603 0.262530 0.049080 0.014679
0 0.562371 0.262791 0.049080 0.014679
0 0.562214 0.263285 0.049080 0.014679
0 0.561571 0.263052 0.049080 0.014679
0 0.561948 0.263654 0.049080 0.014679
0 0.560536 0.263456 0.049080 0.014679
0 0.560160 0.263798 0.049080 0.014679
0 0.559580 0.263510 0.049080 0.014679
0 0.558106 0.263699 0.049080 0.014679
0 0.557385 0.263582 0.049080 0.014679
0 0.564080 0.256695 0.049080 0.014679
0 0.562653 0.257199 0.049080 0.014679
0 0.562245 0.258350 0.049080 0.014679
0 0.562778 0.258376 0.049080 0.014679
0 0.563312 0.258619 0.049080 0.014679
0 0.562857 0.258646 0.049080 0.014679
0 0.562653 0.258970 0.049080 0.014679
0 0.562465 0.259276 0.049080 0.014679
0 0.557714 0.258134 0.049080 0.014679
0 0.562465 0.253764 0.049080 0.014679
0 0.560756 0.254484 0.049080 0.014679
0 0.565946 0.255113 0.049080 0.014679
0 0.568564 0.256956 0.049080 0.014679
0 0.565381 0.258988 0.049080 0.014679
0 0.565507 0.259258 0.049080 0.014679
0 0.574083 0.260067 0.049080 0.014679
0 0.572358 0.260390 0.049080 0.014679
0 0.575164 0.262009 0.049080 0.014679
0 0.572734 0.262081 0.049080 0.014679
0 0.572389 0.264589 0.049080 0.014679
0 0.572625 0.264076 0.049080 0.014679
0 0.573048 0.263915 0.049080 0.014679
0 0.571527 0.263285 0.049080 0.014679
0 0.571198 0.263141 0.049080 0.014679
0 0.570963 0.262944 0.049080 0.014679
0 0.570931 0.262683 0.049080 0.014679
0 0.570430 0.262476 0.049080 0.014679
0 0.569646 0.263744 0.049080 0.014679
0 0.569222 0.263654 0.049080 0.014679
0 0.569520 0.263168 0.049080 0.014679
0 0.569646 0.261658 0.049080 0.014679
0 0.570351 0.261748 0.049080 0.014679
0 0.568376 0.261047 0.049080 0.014679
0 0.569034 0.261038 0.049080 0.014679
0 0.567137 0.261262 0.049080 0.014679
0 0.565507 0.260894 0.049080 0.014679
0 0.566212 0.260696 0.049080 0.014679
0 0.560991 0.264283 0.049080 0.014679
0 0.560960 0.264607 0.049080 0.014679
0 0.562136 0.264382 0.049080 0.014679
0 0.562198 0.264076 0.049080 0.014679
0 0.562794 0.264787 0.049080 0.014679
0 0.562747 0.265038 0.049080 0.014679
0 0.560678 0.265290 0.049080 0.014679
0 0.561195 0.265326 0.049080 0.014679
0 0.561869 0.265668 0.049080 0.014679
0 0.562355 0.265893 0.049080 0.014679
0 0.558624 0.265587 0.049080 0.014679
0 0.555253 0.264589 0.049080 0.014679
0 0.555519 0.264076 0.049080 0.014679
0 0.555676 0.264355 0.049080 0.014679
0 0.556162 0.264337 0.049080 0.014679
0 0.556821 0.264526 0.049080 0.014679
0 0.552525 0.264697 0.049080 0.014679
0 0.552917 0.264769 0.049080 0.014679
0 0.553763 0.264787 0.049080 0.014679
0 0.554892 0.266378 0.049080 0.014679
0 0.573847 0.264904 0.049080 0.014679
0 0.574647 0.264760 0.049080 0.014679
0 0.576842 0.265398 0.049080 0.014679
0 0.576309 0.265713 0.049080 0.014679
0 0.578990 0.266000 0.049080 0.014679
0 0.579351 0.266513 0.049080 0.014679
0 0.577987 0.266738 0.049080 0.014679
0 0.577516 0.266998 0.049080 0.014679
0 0.577171 0.267286 0.049080 0.014679
0 0.576497 0.267169 0.049080 0.014679
0 0.576074 0.266648 0.049080 0.014679
0 0.575415 0.266000 0.049080 0.014679
0 0.574318 0.265587 0.049080 0.014679
0 0.573895 0.265946 0.049080 0.014679
0 0.573252 0.266045 0.049080 0.014679
0 0.574145 0.266513 0.049080 0.014679
0 0.574694 0.267178 0.049080 0.014679
0 0.573534 0.266854 0.049080 0.014679
0 0.572954 0.267178 0.049080 0.014679
0 0.572483 0.267367 0.049080 0.014679
0 0.573173 0.267394 0.049080 0.014679
0 0.573550 0.267259 0.049080 0.014679
0 0.571151 0.267133 0.049080 0.014679
0 0.572374 0.266162 0.049080 0.014679
0 0.572813 0.268194 0.049080 0.014679
0 0.572421 0.268302 0.049080 0.014679
0 0.572436 0.268805 0.049080 0.014679
0 0.570430 0.268644 0.049080 0.014679
0 0.570884 0.268698 0.049080 0.014679
0 0.569975 0.268185 0.049080 0.014679
0 0.569457 0.268338 0.049080 0.014679
0 0.569269 0.268599 0.049080 0.014679
0 0.567043 0.268365 0.049080 0.014679
0 0.566604 0.268356 0.049080 0.014679
0 0.565334 0.267969 0.049080 0.014679
0 0.564597 0.268005 0.049080 0.014679
0 0.564080 0.267843 0.049080 0.014679
0 0.562700 0.268014 0.049080 0.014679
0 0.563594 0.268347 0.049080 0.014679
0 0.563939 0.268446 0.049080 0.014679
0 0.563406 0.268563 0.049080 0.014679
0 0.562292 0.268545 0.049080 0.014679
0 0.562857 0.268886 0.049080 0.014679
0 0.563390 0.269111 0.049080 0.014679
0 0.563076 0.269291 0.049080 0.014679
0 0.565020 0.269794 0.049080 0.014679
0 0.565460 0.269246 0.049080 0.014679
0 0.566008 0.268940 0.049080 0.014679
0 0.566369 0.268716 0.049080 0.014679
0 0.566322 0.269183 0.049080 0.014679
0 0.567482 0.269057 0.049080 0.014679
0 0.567074 0.269426 0.049080 0.014679
0 0.567999 0.269767 0.049080 0.014679
0 0.567827 0.270091 0.049080 0.014679
0 0.568360 0.270639 0.049080 0.014679
0 0.569724 0.270595 0.049080 0.014679
0 0.570163 0.270954 0.049080 0.014679
0 0.570931 0.271062 0.049080 0.014679
0 0.569661 0.271152 0.049080 0.014679
0 0.569160 0.271467 0.049080 0.014679
0 0.569740 0.271754 0.049080 0.014679
0 0.570132 0.271835 0.049080 0.014679
0 0.568454 0.271035 0.049080 0.014679
0 0.572578 0.273292 0.049080 0.014679
0 0.571292 0.272860 0.049080 0.014679
0 0.571527 0.272545 0.049080 0.014679
0 0.571997 0.271736 0.049080 0.014679
0 0.571856 0.270226 0.049080 0.014679
0 0.573048 0.270523 0.049080 0.014679
0 0.574224 0.269713 0.049080 0.014679
0 0.574381 0.269516 0.049080 0.014679
0 0.574757 0.269920 0.049080 0.014679
0 0.574584 0.270244 0.049080 0.014679
0 0.576356 0.271080 0.049080 0.014679
0 0.577548 0.271296 0.049080 0.014679
0 0.574475 0.267709 0.049080 0.014679
0 0.580417 0.267789 0.049080 0.014679
0 0.580746 0.268176 0.049080 0.014679
0 0.591376 0.273453 0.049080 0.014679
0 0.591329 0.273939 0.049080 0.014679
0 0.591407 0.274335 0.049080 0.014679
0 0.591157 0.275072 0.049080 0.014679
0 0.591204 0.274667 0.049080 0.014679
0 0.590216 0.273903 0.049080 0.014679
0 0.589761 0.273930 0.049080 0.014679
0 0.588883 0.273435 0.049080 0.014679
0 0.588084 0.273804 0.049080 0.014679
0 0.588742 0.274263 0.049080 0.014679
0 0.587864 0.274631 0.049080 0.014679
0 0.588836 0.274892 0.049080 0.014679
0 0.589824 0.274991 0.049080 0.014679
0 0.590592 0.276384 0.049080 0.014679
0 0.589589 0.276205 0.049080 0.014679
0 0.590780 0.275728 0.049080 0.014679
0 0.589024 0.275665 0.049080 0.014679
0 0.588538 0.275602 0.049080 0.014679
0 0.588131 0.275629 0.049080 0.014679
0 0.588178 0.275368 0.049080 0.014679
0 0.587786 0.275144 0.049080 0.014679
0 0.587597 0.275422 0.049080 0.014679
0 0.586641 0.274541 0.049080 0.014679
0 0.586625 0.273256 0.049080 0.014679
0 0.586218 0.273328 0.049080 0.014679
0 0.586437 0.274209 0.049080 0.014679
0 0.585873 0.274335 0.049080 0.014679
0 0.586265 0.274595 0.049080 0.014679
0 0.585826 0.275314 0.049080 0.014679
0 0.585575 0.275081 0.049080 0.014679
0 0.585355 0.275566 0.049080 0.014679
0 0.585246 0.275755 0.049080 0.014679
0 0.584430 0.275198 0.049080 0.014679
0 0.584619 0.274883 0.049080 0.014679
0 0.584164 0.274469 0.049080 0.014679
0 0.584383 0.274254 0.049080 0.014679
0 0.584446 0.274047 0.049080 0.014679
0 0.584587 0.273867 0.049080 0.014679
0 0.584101 0.273750 0.049080 0.014679
0 0.583098 0.274200 0.049080 0.014679
0 0.583208 0.274550 0.049080 0.014679
0 0.583819 0.274901 0.049080 0.014679
0 0.582831 0.275395 0.049080 0.014679
0 0.583819 0.275620 0.049080 0.014679
0 0.585669 0.276888 0.049080 0.014679
0 0.588648 0.278740 0.049080 0.014679
0 0.589840 0.279270 0.049080 0.014679
0 0.588115 0.281761 0.049080 0.014679
0 0.588178 0.281473 0.049080 0.014679
0 0.585857 0.282444 0.049080 0.014679
0 0.590263 0.284494 0.049080 0.014679
0 0.576544 0.282804 0.049080 0.014679
0 0.576121 0.283487 0.049080 0.014679
0 0.566949 0.283127 0.049080 0.014679
0 0.566181 0.282507 0.049080 0.014679
0 0.566243 0.282120 0.049080 0.014679
0 0.568125 0.279738 0.049080 0.014679
0 0.572358 0.279837 0.049080 0.014679
0 0.573064 0.278093 0.049080 0.014679
0 0.580950 0.276312 0.049080 0.014679
0 0.581687 0.275899 0.049080 0.014679
0 0.582471 0.275818 0.049080 0.014679
0 0.575102 0.276169 0.049080 0.014679
0 0.574130 0.272447 0.049080 0.014679
0 0.569567 0.277913 0.049080 0.014679
0 0.572719 0.276555 0.049080 0.014679
0 0.572013 0.277274 0.049080 0.014679
0 0.571214 0.278290 0.049080 0.014679
0 0.562528 0.277499 0.049080 0.014679
0 0.561509 0.278407 0.049080 0.014679
0 0.560850 0.280583 0.049080 0.014679
0 0.559909 0.280628 0.049080 0.014679
0 0.558279 0.279999 0.049080 0.014679
0 0.565334 0.285591 0.049080 0.014679
0 0.559643 0.285564 0.049080 0.014679
0 0.560223 0.285348 0.049080 0.014679
0 0.560866 0.272231 0.049080 0.014679
0 0.559439 0.272572 0.049080 0.014679
0 0.558890 0.272509 0.049080 0.014679
0 0.559831 0.273840 0.049080 0.014679
0 0.553481 0.273247 0.049080 0.014679
0 0.553089 0.273570 0.049080 0.014679
0 0.553575 0.273642 0.049080 0.014679
0 0.552117 0.273040 0.049080 0.014679
0 0.553230 0.272707 0.049080 0.014679
0 0.550800 0.276115 0.049080 0.014679
0 0.550361 0.275530 0.049080 0.014679
0 0.559345 0.268176 0.049080 0.014679
0 0.556805 0.267079 0.049080 0.014679
0 0.557605 0.265821 0.049080 0.014679
0 0.557119 0.266450 0.049080 0.014679
0 0.554030 0.266666 0.049080 0.014679
0 0.549389 0.266747 0.049080 0.014679
0 0.550612 0.267924 0.049080 0.014679
0 0.551114 0.267745 0.049080 0.014679
0 0.551098 0.268131 0.049080 0.014679
0 0.551757 0.268509 0.049080 0.014679
0 0.550502 0.268626 0.049080 0.014679
0 0.549859 0.268823 0.049080 0.014679
0 0.548715 0.271044 0.049080 0.014679
0 0.546128 0.270927 0.049080 0.014679
0 0.545579 0.270792 0.049080 0.014679
0 0.544513 0.270792 0.049080 0.014679
0 0.545422 0.270523 0.049080 0.014679
0 0.546473 0.270415 0.049080 0.014679
0 0.545814 0.270001 0.049080 0.014679
0 0.546489 0.269237 0.049080 0.014679
0 0.545830 0.268428 0.049080 0.014679
0 0.550393 0.267637 0.049080 0.014679
0 0.549906 0.265101 0.049080 0.014679
0 0.550847 0.264742 0.049080 0.014679
0 0.547163 0.261973 0.049080 0.014679
0 0.546928 0.262566 0.049080 0.014679
0 0.545046 0.263924 0.049080 0.014679
0 0.545720 0.264184 0.049080 0.014679
0 0.544968 0.264265 0.049080 0.014679
0 0.544450 0.264535 0.049080 0.014679
0 0.543980 0.264337 0.049080 0.014679
0 0.544294 0.264148 0.049080 0.014679
0 0.544372 0.263870 0.049080 0.014679
0 0.543572 0.263474 0.049080 0.014679
0 0.536595 0.257495 0.049080 0.014679
0 0.532315 0.258116 0.049080 0.014679
0 0.531908 0.257828 0.049080 0.014679
0 0.532613 0.257154 0.049080 0.014679
0 0.530841 0.257702 0.049080 0.014679
0 0.532801 0.259294 0.049080 0.014679
0 0.532488 0.259680 0.049080 0.014679
0 0.532660 0.260211 0.049080 0.014679
0 0.532880 0.260642 0.049080 0.014679
0 0.533742 0.259716 0.049080 0.014679
0 0.534573 0.260597 0.049080 0.014679
0 0.534150 0.260660 0.049080 0.014679
0 0.534338 0.261119 0.049080 0.014679
0 0.533805 0.260984 0.049080 0.014679
0 0.534573 0.261667 0.049080 0.014679
0 0.534604 0.261460 0.049080 0.014679
0 0.535373 0.261415 0.049080 0.014679
0 0.535106 0.261856 0.049080 0.014679
0 0.535827 0.262126 0.049080 0.014679
0 0.536389 0.262269 0.049080 0.014679
0 0.537019 0.262233 0.049080 0.014679
0 0.537709 0.262296 0.049080 0.014679
0 0.537489 0.261856 0.049080 0.014679
0 0.538273 0.261874 0.049080 0.014679
0 0.539229 0.261523 0.049080 0.014679
0 0.539668 0.261199 0.049080 0.014679
0 0.540217 0.261586 0.049080 0.014679
0 0.540311 0.261883 0.049080 0.014679
0 0.540233 0.262386 0.049080 0.014679
0 0.540405 0.262674 0.049080 0.014679
0 0.541142 0.262782 0.049080 0.014679
0 0.540625 0.262980 0.049080 0.014679
0 0.541001 0.263258 0.049080 0.014679
0 0.541440 0.263330 0.049080 0.014679
0 0.542428 0.263420 0.049080 0.014679
0 0.542083 0.262683 0.049080 0.014679
0 0.542365 0.263726 0.049080 0.014679
0 0.540876 0.264031 0.049080 0.014679
0 0.541440 0.264544 0.049080 0.014679
0 0.541236 0.264346 0.049080 0.014679
0 0.540076 0.263780 0.049080 0.014679
0 0.540092 0.263258 0.049080 0.014679
0 0.539276 0.263411 0.049080 0.014679
0 0.538853 0.262755 0.049080 0.014679
0 0.539135 0.263645 0.049080 0.014679
0 0.539433 0.263924 0.049080 0.014679
0 0.539496 0.264436 0.049080 0.014679
0 0.537442 0.263753 0.049080 0.014679
0 0.536925 0.263807 0.049080 0.014679
0 0.537332 0.263096 0.049080 0.014679
0 0.537881 0.263007 0.049080 0.014679
0 0.536047 0.262584 0.049080 0.014679
0 0.535608 0.262656 0.049080 0.014679
0 0.534463 0.262251 0.049080 0.014679
0 0.534024 0.262090 0.049080 0.014679
0 0.533303 0.262117 0.049080 0.014679
0 0.533178 0.262350 0.049080 0.014679
0 0.537003 0.260813 0.049080 0.014679
0 0.530857 0.261739 0.049080 0.014679
0 0.531704 0.261838 0.049080 0.014679
0 0.529305 0.262242 0.049080 0.014679
0 0.528443 0.261505 0.049080 0.014679
0 0.527847 0.260282 0.049080 0.014679
0 0.528317 0.260399 0.049080 0.014679
0 0.528788 0.260723 0.049080 0.014679
0 0.529885 0.261343 0.049080 0.014679
0 0.523426 0.259617 0.049080 0.014679
0 0.522939 0.259914 0.049080 0.014679
0 0.526969 0.258835 0.049080 0.014679
0 0.525260 0.260921 0.049080 0.014679
0 0.524633 0.261397 0.049080 0.014679
0 0.524304 0.261595 0.049080 0.014679
0 0.523723 0.261910 0.049080 0.014679
0 0.523002 0.261226 0.049080 0.014679
0 0.522814 0.261451 0.049080 0.014679
0 0.521688 0.260875 0.049080 0.014679
0 0.523237 0.263537 0.049080 0.014679
0 0.525464 0.264760 0.049080 0.014679
0 0.527737 0.264823 0.049080 0.014679
0 0.528317 0.264787 0.049080 0.014679
0 0.528678 0.264418 0.049080 0.014679
0 0.529807 0.264085 0.049080 0.014679
0 0.530841 0.263384 0.049080 0.014679
0 0.530167 0.263366 0.049080 0.014679
0 0.531923 0.263762 0.049080 0.014679
0 0.526436 0.262665 0.049080 0.014679
0 0.508845 0.269785 0.049080 0.014679
0 0.499986 0.271853 0.049080 0.014679
0 0.500174 0.272959 0.049080 0.014679
0 0.500394 0.272644 0.049080 0.014679
0 0.500754 0.272429 0.049080 0.014679
0 0.502087 0.272662 0.049080 0.014679
0 0.502150 0.273867 0.049080 0.014679
0 0.500018 0.273337 0.049080 0.014679
0 0.506556 0.273373 0.049080 0.014679
0 0.513658 0.270738 0.049080 0.014679
0 0.513046 0.271161 0.049080 0.014679
0 0.512168 0.270343 0.049080 0.014679
0 0.511243 0.271979 0.049080 0.014679
0 0.509550 0.271961 0.049080 0.014679
0 0.509785 0.272024 0.049080 0.014679
0 0.511040 0.272375 0.049080 0.014679
0 0.510914 0.272680 0.049080 0.014679
0 0.527627 0.270262 0.049080 0.014679
0 0.527643 0.270783 0.049080 0.014679
0 0.528662 0.271377 0.049080 0.014679
0 0.529227 0.271556 0.049080 0.014679
0 0.529697 0.271170 0.049080 0.014679
0 0.529195 0.271008 0.049080 0.014679
0 0.530826 0.270927 0.049080 0.014679
0 0.531437 0.271458 0.049080 0.014679
0 0.531861 0.271673 0.049080 0.014679
0 0.528255 0.271898 0.049080 0.014679
0 0.527643 0.271754 0.049080 0.014679
0 0.527612 0.271539 0.049080 0.014679
0 0.527377 0.271961 0.049080 0.014679
0 0.526796 0.272725 0.049080 0.014679
0 0.527894 0.272851 0.049080 0.014679
0 0.523739 0.270720 0.049080 0.014679
0 0.524633 0.270496 0.049080 0.014679
0 0.525056 0.270666 0.049080 0.014679
0 0.525950 0.270523 0.049080 0.014679
0 0.525824 0.271862 0.049080 0.014679
0 0.524790 0.271853 0.049080 0.014679
0 0.524351 0.271539 0.049080 0.014679
0 0.520306 0.268895 0.049080 0.014679
0 0.526169 0.273714 0.049080 0.014679
0 0.529054 0.274775 0.049080 0.014679
0 0.531547 0.275207 0.049080 0.014679
0 0.532002 0.275395 0.049080 0.014679
0 0.533758 0.275117 0.049080 0.014679
0 0.534353 0.273444 0.049080 0.014679
0 0.532002 0.273822 0.049080 0.014679
0 0.532786 0.276223 0.049080 0.014679
0 0.533491 0.276744 0.049080 0.014679
0 0.533366 0.277104 0.049080 0.014679
0 0.533789 0.277832 0.049080 0.014679
0 0.523959 0.276888 0.049080 0.014679
0 0.522218 0.275665 0.049080 0.014679
0 0.521779 0.275449 0.049080 0.014679
0 0.521764 0.275827 0.049080 0.014679
0 0.521168 0.275980 0.049080 0.014679
0 0.536799 0.277607 0.049080 0.014679
0 0.538226 0.279153 0.049080 0.014679
0 0.536486 0.264409 0.049080 0.014679
0 0.535529 0.264697 0.049080 0.014679
0 0.534479 0.264409 0.049080 0.014679
0 0.534887 0.264760 0.049080 0.014679
0 0.534949 0.265101 0.049080 0.014679
0 0.534589 0.265299 0.049080 0.014679
0 0.534087 0.265146 0.049080 0.014679
0 0.534871 0.265704 0.049080 0.014679
0 0.535216 0.265452 0.049080 0.014679
0 0.534338 0.265614 0.049080 0.014679
0 0.532033 0.265982 0.049080 0.014679
0 0.533554 0.267214 0.049080 0.014679
0 0.534792 0.267493 0.049080 0.014679
0 0.535028 0.267673 0.049080 0.014679
0 0.534400 0.267772 0.049080 0.014679
0 0.534526 0.268005 0.049080 0.014679
0 0.534495 0.268437 0.049080 0.014679
0 0.534495 0.268751 0.049080 0.014679
0 0.534996 0.268868 0.049080 0.014679
0 0.535655 0.268751 0.049080 0.014679
0 0.536160 0.268679 0.049080 0.014679
0 0.536896 0.269065 0.049080 0.014679
0 0.536501 0.269291 0.049080 0.014679
0 0.536235 0.269174 0.049080 0.014679
0 0.533758 0.268698 0.049080 0.014679
0 0.532801 0.268374 0.049080 0.014679
0 0.532425 0.268212 0.049080 0.014679
0 0.532597 0.267807 0.049080 0.014679
0 0.531594 0.267673 0.049080 0.014679
0 0.531955 0.267556 0.049080 0.014679
0 0.532676 0.267232 0.049080 0.014679
0 0.530732 0.266819 0.049080 0.014679
0 0.531484 0.268383 0.049080 0.014679
0 0.537364 0.270846 0.049080 0.014679
0 0.537348 0.271260 0.049080 0.014679
0 0.536690 0.270253 0.049080 0.014679
0 0.537129 0.270163 0.049080 0.014679
0 0.536878 0.269570 0.049080 0.014679
0 0.536423 0.269570 0.049080 0.014679
0 0.536627 0.269812 0.049080 0.014679
0 0.538132 0.267016 0.049080 0.014679
0 0.537097 0.266495 0.049080 0.014679
0 0.537597 0.266107 0.049080 0.014679
0 0.536486 0.266090 0.049080 0.014679
0 0.536354 0.265781 0.049080 0.014679
0 0.535906 0.265955 0.049080 0.014679
0 0.536407 0.266396 0.049080 0.014679
0 0.535968 0.266612 0.049080 0.014679
0 0.538853 0.266594 0.049080 0.014679
0 0.538837 0.266863 0.049080 0.014679
0 0.539433 0.266135 0.049080 0.014679
0 0.539653 0.266261 0.049080 0.014679
0 0.539402 0.266585 0.049080 0.014679
0 0.539590 0.266917 0.049080 0.014679
0 0.539888 0.267160 0.049080 0.014679
0 0.539966 0.266729 0.049080 0.014679
0 0.540405 0.267079 0.049080 0.014679
0 0.541252 0.267493 0.049080 0.014679
0 0.539637 0.267412 0.049080 0.014679
0 0.540311 0.267789 0.049080 0.014679
0 0.540703 0.267852 0.049080 0.014679
0 0.541252 0.268041 0.049080 0.014679
0 0.542553 0.268059 0.049080 0.014679
0 0.542067 0.268275 0.049080 0.014679
0 0.539747 0.268698 0.049080 0.014679
0 0.540123 0.268554 0.049080 0.014679
0 0.539668 0.268275 0.049080 0.014679
0 0.539966 0.269363 0.049080 0.014679
0 0.541142 0.269165 0.049080 0.014679
0 0.542240 0.268949 0.049080 0.014679
0 0.542616 0.268778 0.049080 0.014679
0 0.542694 0.269390 0.049080 0.014679
0 0.543165 0.269803 0.049080 0.014679
0 0.542867 0.270810 0.049080 0.014679
0 0.543525 0.270990 0.049080 0.014679
0 0.542067 0.270837 0.049080 0.014679
0 0.541879 0.270828 0.049080 0.014679
0 0.541519 0.270927 0.049080 0.014679
0 0.540546 0.270604 0.049080 0.014679
0 0.540766 0.270648 0.049080 0.014679
0 0.541001 0.271332 0.049080 0.014679
0 0.541550 0.271224 0.049080 0.014679
0 0.538696 0.272411 0.049080 0.014679
0 0.538179 0.272294 0.049080 0.014679
0 0.537881 0.271754 0.049080 0.014679
0 0.544790 0.270007 0.049080 0.014679
0 0.545093 0.269686 0.049080 0.014679
0 0.544654 0.268464 0.049080 0.014679
0 0.547602 0.270415 0.049080 0.014679
0 0.547743 0.270145 0.049080 0.014679
0 0.548574 0.270019 0.049080 0.014679
0 0.551741 0.276124 0.049080 0.014679
0 0.550424 0.279180 0.049080 0.014679
0 0.548809 0.278425 0.049080 0.014679
0 0.552211 0.278443 0.049080 0.014679
0 0.557228 0.282866 0.049080 0.014679
0 0.536203 0.285042 0.049080 0.014679
0 0.537677 0.285618 0.049080 0.014679
0 0.535576 0.285761 0.049080 0.014679
0 0.535388 0.285959 0.049080 0.014679
0 0.535467 0.286400 0.049080 0.014679
0 0.531625 0.284422 0.049080 0.014679
0 0.531704 0.284925 0.049080 0.014679
0 0.532111 0.285779 0.049080 0.014679
0 0.532096 0.282192 0.049080 0.014679
0 0.527925 0.280763 0.049080 0.014679
0 0.528082 0.281985 0.049080 0.014679
0 0.525401 0.284485 0.049080 0.014679
0 0.516870 0.279096 0.049080 0.014679
0 0.516289 0.279124 0.049080 0.014679
0 0.510327 0.279058 0.049080 0.014679
0 0.512021 0.279962 0.049080 0.014679
0 0.512420 0.280153 0.049080 0.014679
0 0.512137 0.280372 0.049080 0.014679
0 0.513084 0.280410 0.049080 0.014679
0 0.513001 0.280705 0.049080 0.014679
0 0.513001 0.281038 0.049080 0.014679
0 0.513217 0.281476 0.049080 0.014679
0 0.512602 0.281876 0.049080 0.014679
0 0.512353 0.281752 0.049080 0.014679
0 0.512021 0.281590 0.049080 0.014679
0 0.510743 0.281495 0.049080 0.014679
0 0.510709 0.282285 0.049080 0.014679
0 0.513034 0.283085 0.049080 0.014679
0 0.512702 0.282761 0.049080 0.014679
0 0.513482 0.282590 0.049080 0.014679
0 0.514479 0.282971 0.049080 0.014679
0 0.513814 0.283361 0.049080 0.014679
0 0.514147 0.283504 0.049080 0.014679
0 0.511075 0.283847 0.049080 0.014679
0 0.510610 0.284352 0.049080 0.014679
0 0.510776 0.285151 0.049080 0.014679
0 0.511573 0.285237 0.049080 0.014679
0 0.510128 0.285504 0.049080 0.014679
0 0.511805 0.286218 0.049080 0.014679
0 0.515375 0.285866 0.049080 0.014679
0 0.514894 0.285647 0.049080 0.014679
0 0.516836 0.287751 0.049080 0.014679
0 0.517368 0.288046 0.049080 0.014679
0 0.516953 0.288151 0.049080 0.014679
0 0.517285 0.288417 0.049080 0.014679
0 0.517434 0.288636 0.049080 0.014679
0 0.517833 0.288551 0.049080 0.014679
0 0.520108 0.288970 0.049080 0.014679
0 0.516836 0.289179 0.049080 0.014679
0 0.515608 0.289836 0.049080 0.014679
0 0.518680 0.294159 0.049080 0.014679
0 0.523595 0.293759 0.049080 0.014679
0 0.524740 0.294054 0.049080 0.014679
0 0.525488 0.292683 0.049080 0.014679
0 0.519892 0.292512 0.049080 0.014679
0 0.522084 0.291636 0.049080 0.014679
0 0.522798 0.289826 0.049080 0.014679
0 0.524026 0.289750 0.049080 0.014679
0 0.526617 0.288075 0.049080 0.014679
0 0.530270 0.292464 0.049080 0.014679
0 0.538655 0.295930 0.049080 0.014679
0 0.543454 0.296225 0.049080 0.014679
0 0.543404 0.296863 0.049080 0.014679
0 0.543836 0.293111 0.049080 0.014679
0 0.537177 0.289398 0.049080 0.014679
0 0.537393 0.288455 0.049080 0.014679
0 0.540631 0.288417 0.049080 0.014679
0 0.549199 0.295159 0.049080 0.014679
0 0.550013 0.295311 0.049080 0.014679
0 0.550561 0.295368 0.049080 0.014679
0 0.551042 0.295682 0.049080 0.014679
0 0.552005 0.295568 0.049080 0.014679
0 0.551856 0.295873 0.049080 0.014679
0 0.555824 0.294483 0.049080 0.014679
0 0.560274 0.297120 0.049080 0.014679
0 0.561337 0.297291 0.049080 0.014679
0 0.560706 0.297387 0.049080 0.014679
0 0.560092 0.297786 0.049080 0.014679
0 0.564425 0.297653 0.049080 0.014679
0 0.566285 0.296920 0.049080 0.014679
0 0.564824 0.296730 0.049080 0.014679
0 0.572977 0.296711 0.049080 0.014679
0 0.573558 0.296758 0.049080 0.014679
0 0.574488 0.296863 0.049080 0.014679
0 0.574886 0.295806 0.049080 0.014679
0 0.578739 0.295006 0.049080 0.014679
0 0.578838 0.295178 0.049080 0.014679
0 0.572927 0.293997 0.049080 0.014679
0 0.560374 0.289388 0.049080 0.014679
0 0.575982 0.292464 0.049080 0.014679
0 0.577543 0.292569 0.049080 0.014679
0 0.579004 0.291559 0.049080 0.014679
0 0.578407 0.291331 0.049080 0.014679
0 0.565438 0.286199 0.049080 0.014679
0 0.564342 0.286361 0.049080 0.014679
0 0.564807 0.286446 0.049080 0.014679
0 0.563844 0.286665 0.049080 0.014679
0 0.562914 0.286770 0.049080 0.014679
0 0.558697 0.286741 0.049080 0.014679
0 0.558697 0.288217 0.049080 0.014679
0 0.551557 0.289103 0.049080 0.014679
0 0.589249 0.283342 0.049080 0.014679
0 0.588801 0.283390 0.049080 0.014679
0 0.541232 0.235309 0.049080 0.014679
0 0.540442 0.242049 0.049080 0.014679
0 0.516394 0.251475 0.049080 0.014679
0 0.516799 0.250999 0.049080 0.014679
0 0.515720 0.251154 0.049080 0.014679
0 0.528476 0.246270 0.049080 0.014679
0 0.529343 0.246270 0.049080 0.014679
0 0.524834 0.249232 0.049080 0.014679
0 0.540789 0.244911 0.049080 0.014679
0 0.541180 0.244381 0.049080 0.014679
0 0.541810 0.244339 0.049080 0.014679
0 0.537629 0.246834 0.049080 0.014679
0 0.542639 0.249419 0.049080 0.014679
0 0.542234 0.249276 0.049080 0.014679
0 0.547784 0.248116 0.049080 0.014679
0 0.547861 0.247696 0.049080 0.014679
0 0.548516 0.248403 0.049080 0.014679
0 0.548863 0.246546 0.049080 0.014679
0 0.549672 0.246469 0.049080 0.014679
0 0.550462 0.246524 0.049080 0.014679
0 0.550135 0.245629 0.049080 0.014679
0 0.552332 0.245364 0.049080 0.014679
0 0.550771 0.244370 0.049080 0.014679
0 0.554740 0.244922 0.049080 0.014679
0 0.555896 0.245486 0.049080 0.014679
0 0.554490 0.245607 0.049080 0.014679
0 0.558729 0.248569 0.049080 0.014679
0 0.557457 0.252447 0.049080 0.014679
0 0.554528 0.249232 0.049080 0.014679
0 0.553892 0.251850 0.049080 0.014679
0 0.558401 0.253541 0.049080 0.014679
0 0.557419 0.253850 0.049080 0.014679
0 0.561870 0.250171 0.049080 0.014679
0 0.568441 0.260259 0.049080 0.014679
0 0.567959 0.260380 0.049080 0.014679
0 0.574029 0.262844 0.049080 0.014679
0 0.570753 0.259762 0.049080 0.014679
0 0.564606 0.259961 0.049080 0.014679
0 0.567053 0.260712 0.049080 0.014679
0 0.558498 0.260635 0.049080 0.014679
0 0.558767 0.260723 0.049080 0.014679
0 0.559018 0.260833 0.049080 0.014679
0 0.558806 0.261054 0.049080 0.014679
0 0.558382 0.260966 0.049080 0.014679
0 0.558228 0.261331 0.049080 0.014679
0 0.551503 0.257043 0.049080 0.014679
0 0.552274 0.256679 0.049080 0.014679
0 0.552967 0.256380 0.049080 0.014679
0 0.549634 0.259552 0.049080 0.014679
0 0.548381 0.258535 0.049080 0.014679
0 0.548015 0.258612 0.049080 0.014679
0 0.547688 0.259264 0.049080 0.014679
0 0.551175 0.255242 0.049080 0.014679
0 0.551156 0.255563 0.049080 0.014679
0 0.543564 0.255585 0.049080 0.014679
0 0.542909 0.256027 0.049080 0.014679
0 0.540365 0.254513 0.049080 0.014679
0 0.541329 0.253695 0.049080 0.014679
0 0.541232 0.253342 0.049080 0.014679
0 0.542735 0.253585 0.049080 0.014679
0 0.542755 0.252303 0.049080 0.014679
0 0.542369 0.252027 0.049080 0.014679
0 0.539614 0.252204 0.049080 0.014679
0 0.539826 0.252458 0.049080 0.014679
0 0.540423 0.252557 0.049080 0.014679
0 0.526453 0.260822 0.049080 0.014679
0 0.527378 0.260734 0.049080 0.014679
0 0.526203 0.260049 0.049080 0.014679
0 0.505469 0.262115 0.049080 0.014679
0 0.507608 0.268413 0.049080 0.014679
0 0.515065 0.276236 0.049080 0.014679
0 0.525913 0.275430 0.049080 0.014679
0 0.526761 0.274645 0.049080 0.014679
0 0.534218 0.274568 0.049080 0.014679
0 0.534565 0.274093 0.049080 0.014679
0 0.532484 0.274977 0.049080 0.014679
0 0.527609 0.273120 0.049080 0.014679
0 0.547900 0.271198 0.049080 0.014679
0 0.545298 0.270159 0.049080 0.014679
0 0.541618 0.268226 0.049080 0.014679
0 0.540809 0.268281 0.049080 0.014679
0 0.551053 0.267419 0.049080 0.014679
0 0.553855 0.267057 0.049080 0.014679
0 0.553559 0.266809 0.049080 0.014679
0 0.555572 0.265915 0.049080 0.014679
0 0.561451 0.265157 0.049080 0.014679
0 0.562359 0.265655 0.049080 0.014679
0 0.579193 0.269545 0.049080 0.014679
0 0.582740 0.272800 0.049080 0.014679
0 0.583288 0.273044 0.049080 0.014679
0 0.584687 0.273556 0.049080 0.014679
0 0.581220 0.278613 0.049080 0.014679
0 0.581362 0.278253 0.049080 0.014679
0 0.591053 0.280578 0.049080 0.014679
0 0.590019 0.277183 0.049080 0.014679
0 0.582599 0.274916 0.049080 0.014679
0 0.583146 0.275695 0.049080 0.014679
0 0.577571 0.270464 0.049080 0.014679
0 0.577023 0.292749 0.049080 0.014679
0 0.533415 0.291482 0.049080 0.014679
0 0.531165 0.285786 0.049080 0.014679
0 0.525954 0.290157 0.049080 0.014679
0 0.526360 0.288936 0.049080 0.014679
0 0.515757 0.287925 0.049080 0.014679
0 0.514885 0.288204 0.049080 0.014679
0 0.508965 0.285960 0.049080 0.014679
0 0.558372 0.268976 0.049080 0.014679
0 0.522427 0.269545 0.049080 0.014679
0 0.523805 0.269499 0.049080 0.014679
0 0.526340 0.269429 0.049080 0.014679
0 0.527151 0.269348 0.049080 0.014679
0 0.332242 0.132014 0.049080 0.014679
0 0.308662 0.134527 0.049080 0.014679
0 0.336720 0.136712 0.049080 0.014679
0 0.343485 0.137668 0.049080 0.014679
0 0.351250 0.151053 0.049080 0.014679
0 0.535092 0.246643 0.049080 0.014679
0 0.507595 0.246797 0.049080 0.014679
0 0.535817 0.246861 0.049080 0.014679
0 0.521505 0.247152 0.049080 0.014679
0 0.527732 0.247300 0.049080 0.014679
0 0.517218 0.247507 0.049080 0.014679
0 0.543609 0.248054 0.049080 0.014679
0 0.516360 0.248491 0.049080 0.014679
0 0.524585 0.248744 0.049080 0.014679
0 0.497802 0.249501 0.049080 0.014679
0 0.528555 0.249529 0.049080 0.014679
0 0.534798 0.250328 0.049080 0.014679
0 0.514550 0.250512 0.049080 0.014679
0 0.517837 0.250867 0.049080 0.014679
0 0.510501 0.250922 0.049080 0.014679
0 0.539512 0.250895 0.049080 0.014679
0 0.545133 0.251332 0.049080 0.014679
0 0.538130 0.251659 0.049080 0.014679
0 0.542227 0.251741 0.049080 0.014679
0 0.518170 0.251851 0.049080 0.014679
0 0.525126 0.251851 0.049080 0.014679
0 0.543085 0.252031 0.049080 0.014679
0 0.545657 0.252288 0.049080 0.014679
0 0.533129 0.252588 0.049080 0.014679
0 0.519171 0.252697 0.049080 0.014679
0 0.544037 0.253135 0.049080 0.014679
0 0.531223 0.253326 0.049080 0.014679
0 0.538035 0.254145 0.049080 0.014679
0 0.524935 0.255620 0.049080 0.014679
0 0.509358 0.256085 0.049080 0.014679
0 0.526840 0.256904 0.049080 0.014679
0 0.535892 0.257369 0.049080 0.014679
0 0.553333 0.257346 0.049080 0.014679
0 0.547494 0.257368 0.049080 0.014679
0 0.509024 0.257778 0.049080 0.014679
0 0.541723 0.258347 0.049080 0.014679
0 0.502740 0.258995 0.049080 0.014679
0 0.522648 0.258926 0.049080 0.014679
0 0.533621 0.259290 0.049080 0.014679
0 0.523125 0.260728 0.049080 0.014679
0 0.527793 0.260838 0.049080 0.014679
0 0.541036 0.261029 0.049080 0.014679
0 0.517010 0.261899 0.049080 0.014679
0 0.529508 0.261848 0.049080 0.014679
0 0.536778 0.261848 0.049080 0.014679
0 0.542942 0.262040 0.049080 0.014679
0 0.522601 0.262258 0.049080 0.014679
0 0.528222 0.262668 0.049080 0.014679
0 0.534653 0.262668 0.049080 0.014679
0 0.517837 0.263405 0.049080 0.014679
0 0.546674 0.263900 0.049080 0.014679
0 0.543914 0.263923 0.049080 0.014679
0 0.548754 0.264198 0.049080 0.014679
0 0.536082 0.264963 0.049080 0.014679
0 0.528651 0.265618 0.049080 0.014679
0 0.548801 0.265727 0.049080 0.014679
0 0.500116 0.265990 0.049080 0.014679
0 0.523363 0.265973 0.049080 0.014679
0 0.524840 0.266383 0.049080 0.014679
0 0.545419 0.267148 0.049080 0.014679
0 0.531765 0.267318 0.049080 0.014679
0 0.534408 0.267287 0.049080 0.014679
0 0.526888 0.267913 0.049080 0.014679
0 0.543704 0.268350 0.049080 0.014679
0 0.558614 0.268377 0.049080 0.014679
0 0.538130 0.268404 0.049080 0.014679
0 0.517837 0.269634 0.049080 0.014679
0 0.527746 0.269661 0.049080 0.014679
0 0.524316 0.269716 0.049080 0.014679
0 0.522410 0.270125 0.049080 0.014679
0 0.526888 0.270153 0.049080 0.014679
0 0.546848 0.270125 0.049080 0.014679
0 0.525268 0.270317 0.049080 0.014679
0 0.523553 0.270508 0.049080 0.014679
0 0.528936 0.270808 0.049080 0.014679
0 0.526316 0.270999 0.049080 0.014679
0 0.523172 0.271081 0.049080 0.014679
0 0.569090 0.272197 0.049080 0.014679
0 0.532605 0.271491 0.049080 0.014679
0 0.535892 0.272475 0.049080 0.014679
0 0.513693 0.274004 0.049080 0.014679
0 0.540084 0.274551 0.049080 0.014679
0 0.548420 0.278675 0.049080 0.014679
0 0.562902 0.281025 0.049080 0.014679
0 0.560568 0.281134 0.049080 0.014679
0 0.533676 0.281312 0.049080 0.014679
0 0.550659 0.281161 0.049080 0.014679
0 0.560710 0.282172 0.049080 0.014679
0 0.534891 0.282308 0.049080 0.014679
0 0.533367 0.282664 0.049080 0.014679
0 0.564807 0.282773 0.049080 0.014679
0 0.548658 0.283428 0.049080 0.014679
0 0.577812 0.284330 0.049080 0.014679
0 0.582862 0.284849 0.049080 0.014679
0 0.547324 0.285532 0.049080 0.014679
0 0.536320 0.285969 0.049080 0.014679
0 0.572477 0.286351 0.049080 0.014679
0 0.562902 0.287171 0.049080 0.014679
0 0.583481 0.287143 0.049080 0.014679
0 0.525126 0.290777 0.049080 0.014679
0 0.567666 0.290913 0.049080 0.014679
0 0.574859 0.291514 0.049080 0.014679
0 0.572048 0.292470 0.049080 0.014679
0 0.585339 0.292798 0.049080 0.014679
0 0.573858 0.293262 0.049080 0.014679
0 0.345061 0.131112 0.049080 0.014679
0 0.342738 0.132273 0.049080 0.014679
0 0.345656 0.132888 0.049080 0.014679
0 0.527288 0.298302 0.049080 0.014679
0 0.568402 0.289740 0.049080 0.014679
0 0.569166 0.289572 0.049080 0.014679
0 0.569727 0.290616 0.049080 0.014679
0 0.574266 0.290745 0.049080 0.014679
0 0.574400 0.283981 0.049080 0.014679
0 0.555731 0.281160 0.049080 0.014679
0 0.555484 0.279975 0.049080 0.014679
0 0.543015 0.282126 0.049080 0.014679
0 0.504216 0.280001 0.049080 0.014679
0 0.533512 0.276084 0.049080 0.014679
0 0.551305 0.277733 0.049080 0.014679
0 0.564425 0.274422 0.049080 0.014679
0 0.563774 0.274191 0.049080 0.014679
0 0.558270 0.274976 0.049080 0.014679
0 0.552361 0.273765 0.049080 0.014679
0 0.589048 0.277540 0.049080 0.014679
0 0.565751 0.269759 0.049080 0.014679
0 0.550631 0.269643 0.049080 0.014679
0 0.548452 0.268110 0.049080 0.014679
0 0.536594 0.268762 0.049080 0.014679
0 0.533872 0.266165 0.049080 0.014679
0 0.520134 0.261413 0.049080 0.014679
0 0.522375 0.263210 0.049080 0.014679
0 0.523541 0.262921 0.049080 0.014679
0 0.531910 0.262554 0.049080 0.014679
0 0.538587 0.261597 0.049080 0.014679
0 0.548423 0.256798 0.049080 0.014679
0 0.549769 0.257152 0.049080 0.014679
0 0.540028 0.258135 0.049080 0.014679
0 0.540279 0.257598 0.049080 0.014679
0 0.540897 0.255015 0.049080 0.014679
0 0.525233 0.254818 0.049080 0.014679
0 0.525873 0.260994 0.049080 0.014679
0 0.509569 0.247711 0.049080 0.014679
0 0.534443 0.249473 0.049080 0.014679
0 0.540807 0.245863 0.049080 0.014679
0 0.541174 0.246169 0.049080 0.014679
0 0.542817 0.245337 0.049080 0.014679
0 0.529303 0.245469 0.049080 0.014679
0 0.522740 0.243581 0.049080 0.014679
0 0.503304 0.240814 0.049080 0.014679
0 0.504310 0.240656 0.049080 0.014679
0 0.502778 0.243685 0.049080 0.014679
0 0.499050 0.245915 0.049080 0.014679
0 0.535519 0.246000 0.049080 0.014679
0 0.525751 0.253608 0.049080 0.014679
0 0.501233 0.254009 0.049080 0.014679
0 0.502064 0.254114 0.049080 0.014679
0 0.507526 0.251725 0.049080 0.014679
0 0.512312 0.250538 0.049080 0.014679
0 0.501895 0.245582 0.049080 0.014679
0 0.500966 0.243653 0.049080 0.014679
0 0.501754 0.240521 0.049080 0.014679
0 0.502472 0.240771 0.049080 0.014679
0 0.521589 0.242692 0.049080 0.014679
0 0.525615 0.244912 0.049080 0.014679
0 0.522842 0.238261 0.049080 0.014679
0 0.517676 0.237025 0.049080 0.014679
0 0.524700 0.232061 0.049080 0.014679
0 0.527262 0.232561 0.049080 0.014679
0 0.535300 0.232045 0.049080 0.014679
0 0.538622 0.233466 0.049080 0.014679
0 0.539932 0.233022 0.049080 0.014679
0 0.540467 0.233562 0.049080 0.014679
0 0.540804 0.234902 0.049080 0.014679
0 0.541339 0.234547 0.049080 0.014679
0 0.539383 0.233869 0.049080 0.014679
0 0.538243 0.234352 0.049080 0.014679
0 0.535497 0.233829 0.049080 0.014679
0 0.536272 0.235887 0.049080 0.014679
0 0.537032 0.236049 0.049080 0.014679
0 0.544267 0.236654 0.049080 0.014679
0 0.542494 0.239173 0.049080 0.014679
0 0.542719 0.240230 0.049080 0.014679
0 0.542705 0.240610 0.049080 0.014679
0 0.539045 0.240553 0.049080 0.014679
0 0.526474 0.239181 0.049080 0.014679
0 0.542761 0.241788 0.049080 0.014679
0 0.543352 0.242264 0.049080 0.014679
0 0.548741 0.242795 0.049080 0.014679
0 0.554206 0.244864 0.049080 0.014679
0 0.548054 0.250046 0.049080 0.014679
0 0.549068 0.250361 0.049080 0.014679
0 0.554065 0.248553 0.049080 0.014679
0 0.560203 0.249546 0.049080 0.014679
0 0.558218 0.249110 0.049080 0.014679
0 0.560977 0.250942 0.049080 0.014679
0 0.559063 0.254349 0.049080 0.014679
0 0.561371 0.255600 0.049080 0.014679
0 0.555388 0.255898 0.049080 0.014679
0 0.554065 0.255148 0.049080 0.014679
0 0.556134 0.254389 0.049080 0.014679
0 0.559274 0.258312 0.049080 0.014679
0 0.566298 0.258788 0.049080 0.014679
0 0.560808 0.260314 0.049080 0.014679
0 0.566332 0.261086 0.049080 0.014679
0 0.569240 0.262865 0.049080 0.014679
0 0.579629 0.266901 0.049080 0.014679
0 0.576969 0.266917 0.049080 0.014679
0 0.579559 0.268402 0.049080 0.014679
0 0.578644 0.269266 0.049080 0.014679
0 0.572281 0.269411 0.049080 0.014679
0 0.568522 0.268281 0.049080 0.014679
0 0.566214 0.267668 0.049080 0.014679
0 0.570226 0.270227 0.049080 0.014679
0 0.566031 0.275595 0.049080 0.014679
0 0.568255 0.276337 0.049080 0.014679
0 0.577321 0.275861 0.049080 0.014679
0 0.591637 0.276047 0.049080 0.014679
0 0.580629 0.277976 0.049080 0.014679
0 0.587724 0.282496 0.049080 0.014679
0 0.589089 0.282811 0.049080 0.014679
0 0.585922 0.286420 0.049080 0.014679
0 0.570212 0.287001 0.049080 0.014679
0 0.567157 0.286985 0.049080 0.014679
0 0.583641 0.290189 0.049080 0.014679
0 0.573266 0.291287 0.049080 0.014679
0 0.574928 0.293111 0.049080 0.014679
0 0.570099 0.295711 0.049080 0.014679
0 0.566059 0.297357 0.049080 0.014679
0 0.555529 0.293773 0.049080 0.014679
0 0.552404 0.295121 0.049080 0.014679
0 0.552953 0.297148 0.049080 0.014679
0 0.562821 0.289301 0.049080 0.014679
0 0.563694 0.286081 0.049080 0.014679
0 0.560611 0.287606 0.049080 0.014679
0 0.559091 0.287275 0.049080 0.014679
0 0.547350 0.286210 0.049080 0.014679
0 0.546745 0.286185 0.049080 0.014679
0 0.545577 0.286323 0.049080 0.014679
0 0.546013 0.281697 0.049080 0.014679
0 0.541410 0.285532 0.049080 0.014679
0 0.549166 0.273149 0.049080 0.014679
0 0.542268 0.270646 0.049080 0.014679
0 0.540312 0.265416 0.049080 0.014679
0 0.524883 0.276063 0.049080 0.014679
0 0.524644 0.273649 0.049080 0.014679
0 0.519379 0.275538 0.049080 0.014679
0 0.525854 0.278727 0.049080 0.014679
0 0.525066 0.279187 0.049080 0.014679
0 0.513987 0.278630 0.049080 0.014679
0 0.513016 0.278420 0.049080 0.014679
0 0.511651 0.277007 0.049080 0.014679
0 0.511228 0.277395 0.049080 0.014679
0 0.513818 0.271341 0.049080 0.014679
0 0.511172 0.270985 0.049080 0.014679
0 0.509356 0.270194 0.049080 0.014679
0 0.511003 0.271591 0.049080 0.014679
0 0.511383 0.272059 0.049080 0.014679
0 0.509933 0.271801 0.049080 0.014679
0 0.510299 0.272180 0.049080 0.014679
0 0.507864 0.274384 0.049080 0.014679
0 0.507019 0.273464 0.049080 0.014679
0 0.509511 0.265286 0.049080 0.014679
0 0.498981 0.270566 0.049080 0.014679
0 0.501022 0.273512 0.049080 0.014679
0 0.498446 0.272188 0.049080 0.014679
0 0.527065 0.283796 0.049080 0.014679
0 0.524616 0.293370 0.049080 0.014679
0 0.538242 0.290294 0.049080 0.014679
0 0.537778 0.289640 0.049080 0.014679
0 0.539129 0.292869 0.049080 0.014679
0 0.533808 0.292538 0.049080 0.014679
0 0.539833 0.295000 0.049080 0.014679
0 0.527079 0.295654 0.049080 0.014679
0 0.528278 0.260103 0.049080 0.014679
0 0.538526 0.261228 0.049080 0.014679
0 0.545193 0.259568 0.049080 0.014679
0 0.330023 0.147822 0.049080 0.014679
0 0.300273 0.132195 0.049080 0.014679
0 0.302722 0.136621 0.049080 0.014679
0 0.317276 0.138936 0.049080 0.014679
0 0.318622 0.134554 0.049080 0.014679
0 0.330530 0.123697 0.049080 0.014679
0 0.342005 0.125750 0.049080 0.014679
0 0.347708 0.131559 0.049080 0.014679
0 0.347389 0.131912 0.049080 0.014679
0 0.326561 0.150383 0.049080 0.014679
0 0.346271 0.141958 0.049080 0.014679
0 0.333861 0.156034 0.049080 0.014679
0 0.313923 0.130172 0.049080 0.014679
0 0.506241 0.232248 0.049080 0.014679
0 0.499329 0.239186 0.049080 0.014679
0 0.495371 0.260661 0.049080 0.014679
0 0.494947 0.274639 0.049080 0.014679
0 0.508089 0.288009 0.049080 0.014679
0 0.524834 0.298098 0.049080 0.014679
0 0.549423 0.299982 0.049080 0.014679
0 0.578357 0.296457 0.049080 0.014679
0 0.583444 0.294087 0.049080 0.014679
0 0.590969 0.287401 0.049080 0.014679
0 0.592134 0.276827 0.049080 0.014679
0 0.591817 0.272816 0.049080 0.014679
0 0.568076 0.252638 0.049080 0.014679
0 0.556418 0.241334 0.049080 0.014679
0 0.537235 0.230395 0.049080 0.014679
0 0.305628 0.125134 0.049080 0.014679
0 0.301703 0.126493 0.049080 0.014679
0 0.295332 0.130146 0.049080 0.014679
0 0.293184 0.132822 0.049080 0.014679
0 0.303702 0.143823 0.049080 0.014679
0 0.320591 0.153848 0.049080 0.014679
0 0.333851 0.159115 0.049080 0.014679
0 0.342369 0.159030 0.049080 0.014679
0 0.349850 0.158393 0.049080 0.014679
0 0.356443 0.155547 0.049080 0.014679
0 0.351925 0.140553 0.049080 0.014679
0 0.348888 0.134903 0.049080 0.014679
0 0.350443 0.131505 0.049080 0.014679
0 0.348591 0.129466 0.049080 0.014679
0 0.346073 0.128277 0.049080 0.014679
0 0.343110 0.123817 0.049080 0.014679
0 0.329999 0.119782 0.049080 0.014679
0 0.318739 0.120164 0.049080 0.014679
0 0.313851 0.124327 0.049080 0.014679
0 0.344965 0.129182 0.049080 0.014679
0 0.345658 0.129075 0.049080 0.014679
0 0.346726 0.141589 0.049080 0.014679
0 0.346699 0.142308 0.049080 0.014679
0 0.352942 0.155220 0.049080 0.014679
0 0.348940 0.158219 0.049080 0.014679
0 0.337308 0.156200 0.049080 0.014679
0 0.544332 0.237648 0.049080 0.014679
0 0.543404 0.238739 0.049080 0.014679
0 0.552391 0.241983 0.049080 0.014679
0 0.550822 0.241656 0.049080 0.014679
0 0.550941 0.242079 0.049080 0.014679
0 0.551773 0.242052 0.049080 0.014679
0 0.552367 0.242570 0.049080 0.014679
0 0.540821 0.241221 0.049080 0.014679
0 0.541931 0.241151 0.049080 0.014679
0 0.543835 0.243546 0.049080 0.014679
0 0.546879 0.243963 0.049080 0.014679
0 0.543602 0.246773 0.049080 0.014679
0 0.564808 0.258444 0.049080 0.014679
0 0.559126 0.258671 0.049080 0.014679
0 0.558634 0.257535 0.049080 0.014679
0 0.541379 0.258097 0.049080 0.014679
0 0.548506 0.260600 0.049080 0.014679
0 0.545251 0.260515 0.049080 0.014679
0 0.575826 0.266468 0.049080 0.014679
0 0.583608 0.273325 0.049080 0.014679
0 0.574839 0.290970 0.049080 0.014679
0 0.516212 0.286556 0.049080 0.014679
0 0.516564 0.286888 0.049080 0.014679
0 0.517143 0.287003 0.049080 0.014679
0 0.517342 0.281687 0.049080 0.014679
0 0.516163 0.279816 0.049080 0.014679
0 0.521352 0.276974 0.049080 0.014679
0 0.536860 0.268425 0.049080 0.014679
0 0.538075 0.264940 0.049080 0.014679
0 0.539844 0.264375 0.049080 0.014679
0 0.524146 0.264634 0.049080 0.014679
0 0.525863 0.265090 0.049080 0.014679
0 0.523813 0.265661 0.049080 0.014679
0 0.527894 0.256456 0.049080 0.014679
0 0.526245 0.255772 0.049080 0.014679
0 0.561874 0.260059 0.049080 0.014679
0 0.565992 0.260909 0.049080 0.014679
0 0.539894 0.234157 0.049080 0.014679
0 0.540667 0.274373 0.049080 0.014679
0 0.555887 0.268543 0.049080 0.014679
0 0.555994 0.270460 0.049080 0.014679
0 0.556657 0.271034 0.049080 0.014679
0 0.547650 0.264269 0.049080 0.014679
0 0.545073 0.260040 0.049080 0.014679
0 0.538549 0.259670 0.049080 0.014679
0 0.537698 0.259602 0.049080 0.014679
0 0.541359 0.238646 0.049080 0.014679
0 0.542424 0.238924 0.049080 0.014679
0 0.548808 0.241166 0.049080 0.014679
0 0.548306 0.240441 0.049080 0.014679
0 0.548139 0.242028 0.049080 0.014679
0 0.548603 0.242359 0.049080 0.014679
0 0.546263 0.241805 0.049080 0.014679
0 0.541600 0.244532 0.049080 0.014679
0 0.540875 0.245416 0.049080 0.014679
0 0.541730 0.245139 0.049080 0.014679
0 0.541748 0.245373 0.049080 0.014679
0 0.525391 0.247298 0.049080 0.014679