0 0.360549 0.510635 0.056338 0.025890
0 0.367266 0.511372 0.056338 0.025890
0 0.370721 0.514790 0.056338 0.025890
0 0.366650 0.514913 0.056338 0.025890
0 0.353691 0.515097 0.056338 0.025890
0 0.352784 0.515361 0.056338 0.025890
0 0.368886 0.516153 0.056338 0.025890
0 0.374983 0.516945 0.056338 0.025890
0 0.353743 0.517448 0.056338 0.025890
0 0.351498 0.517983 0.056338 0.025890
0 0.368838 0.518065 0.056338 0.025890
0 0.369886 0.518693 0.056338 0.025890
0 0.345779 0.518798 0.056338 0.025890
0 0.369942 0.519293 0.056338 0.025890
0 0.353647 0.519478 0.056338 0.025890
0 0.354123 0.520013 0.056338 0.025890
0 0.353832 0.520278 0.056338 0.025890
0 0.370029 0.520523 0.056338 0.025890
0 0.364294 0.520816 0.056338 0.025890
0 0.353546 0.521425 0.056338 0.025890
0 0.374697 0.521452 0.056338 0.025890
0 0.352022 0.521807 0.056338 0.025890
0 0.389798 0.521807 0.056338 0.025890
0 0.350232 0.521832 0.056338 0.025890
0 0.353154 0.521919 0.056338 0.025890
0 0.349307 0.522026 0.056338 0.025890
0 0.348283 0.522453 0.056338 0.025890
0 0.372544 0.522527 0.056338 0.025890
0 0.357596 0.522654 0.056338 0.025890
0 0.347954 0.522751 0.056338 0.025890
0 0.376126 0.522791 0.056338 0.025890
0 0.345353 0.522955 0.056338 0.025890
0 0.370077 0.522982 0.056338 0.025890
0 0.376698 0.522955 0.056338 0.025890
0 0.360263 0.523255 0.056338 0.025890
0 0.370458 0.523282 0.056338 0.025890
0 0.358501 0.523310 0.056338 0.025890
0 0.361549 0.523419 0.056338 0.025890
0 0.366170 0.523446 0.056338 0.025890
0 0.376229 0.523446 0.056338 0.025890
0 0.360883 0.523528 0.056338 0.025890
0 0.364027 0.523556 0.056338 0.025890
0 0.364741 0.523556 0.056338 0.025890
0 0.347734 0.523715 0.056338 0.025890
0 0.373983 0.523774 0.056338 0.025890
0 0.360216 0.523883 0.056338 0.025890
0 0.347306 0.523965 0.056338 0.025890
0 0.375545 0.524016 0.056338 0.025890
0 0.378139 0.523889 0.056338 0.025890
0 0.367933 0.524075 0.056338 0.025890
0 0.372697 0.524075 0.056338 0.025890
0 0.366932 0.524157 0.056338 0.025890
0 0.373396 0.524200 0.056338 0.025890
0 0.360406 0.524266 0.056338 0.025890
0 0.361359 0.524238 0.056338 0.025890
0 0.346464 0.524295 0.056338 0.025890
0 0.362693 0.524293 0.056338 0.025890
0 0.359025 0.524402 0.056338 0.025890
0 0.358167 0.524457 0.056338 0.025890
0 0.374364 0.524512 0.056338 0.025890
0 0.361788 0.524648 0.056338 0.025890
0 0.375793 0.524730 0.056338 0.025890
0 0.357691 0.524785 0.056338 0.025890
0 0.365665 0.524774 0.056338 0.025890
0 0.358596 0.524867 0.056338 0.025890
0 0.365218 0.524894 0.056338 0.025890
0 0.360025 0.524921 0.056338 0.025890
0 0.362264 0.524921 0.056338 0.025890
0 0.347457 0.525053 0.056338 0.025890
0 0.358072 0.525058 0.056338 0.025890
0 0.352880 0.525058 0.056338 0.025890
0 0.362788 0.525113 0.056338 0.025890
0 0.345475 0.525149 0.056338 0.025890
0 0.349354 0.525167 0.056338 0.025890
0 0.356643 0.525195 0.056338 0.025890
0 0.355881 0.525249 0.056338 0.025890
0 0.360978 0.525222 0.056338 0.025890
0 0.369743 0.525222 0.056338 0.025890
0 0.346734 0.525358 0.056338 0.025890
0 0.347799 0.525349 0.056338 0.025890
0 0.370505 0.525386 0.056338 0.025890
0 0.379884 0.525294 0.056338 0.025890
0 0.349558 0.525507 0.056338 0.025890
0 0.349069 0.525495 0.056338 0.025890
0 0.352737 0.525604 0.056338 0.025890
0 0.355738 0.525550 0.056338 0.025890
0 0.358977 0.525604 0.056338 0.025890
0 0.359835 0.525632 0.056338 0.025890
0 0.360692 0.525604 0.056338 0.025890
0 0.347582 0.525740 0.056338 0.025890
0 0.363217 0.525796 0.056338 0.025890
0 0.350276 0.525848 0.056338 0.025890
0 0.361645 0.525823 0.056338 0.025890
0 0.349069 0.525905 0.056338 0.025890
0 0.356262 0.525932 0.056338 0.025890
0 0.376008 0.525974 0.056338 0.025890
0 0.359501 0.525987 0.056338 0.025890
0 0.362502 0.526014 0.056338 0.025890
0 0.360454 0.526069 0.056338 0.025890
0 0.349593 0.526151 0.056338 0.025890
0 0.351355 0.526205 0.056338 0.025890
0 0.357548 0.526260 0.056338 0.025890
0 0.344781 0.526424 0.056338 0.025890
0 0.359358 0.526451 0.056338 0.025890
0 0.356786 0.526478 0.056338 0.025890
0 0.348441 0.526560 0.056338 0.025890
0 0.353689 0.526560 0.056338 0.025890
0 0.375555 0.526560 0.056338 0.025890
0 0.351182 0.526537 0.056338 0.025890
0 0.358215 0.526588 0.056338 0.025890
0 0.360120 0.526642 0.056338 0.025890
0 0.350272 0.526845 0.056338 0.025890
0 0.362407 0.526806 0.056338 0.025890
0 0.353165 0.526888 0.056338 0.025890
0 0.356548 0.526888 0.056338 0.025890
0 0.381153 0.526943 0.056338 0.025890
0 0.355214 0.527025 0.056338 0.025890
0 0.357405 0.527025 0.056338 0.025890
0 0.355738 0.527025 0.056338 0.025890
0 0.361025 0.527052 0.056338 0.025890
0 0.377937 0.527025 0.056338 0.025890
0 0.344362 0.527126 0.056338 0.025890
0 0.350010 0.527101 0.056338 0.025890
0 0.372840 0.527189 0.056338 0.025890
0 0.353594 0.527243 0.056338 0.025890
0 0.350688 0.527353 0.056338 0.025890
0 0.355738 0.527353 0.056338 0.025890
0 0.369934 0.527353 0.056338 0.025890
0 0.349069 0.527407 0.056338 0.025890
0 0.373221 0.527489 0.056338 0.025890
0 0.359406 0.527544 0.056338 0.025890
0 0.350164 0.527598 0.056338 0.025890
0 0.358120 0.527571 0.056338 0.025890
0 0.378450 0.527539 0.056338 0.025890
0 0.375841 0.527680 0.056338 0.025890
0 0.353404 0.527762 0.056338 0.025890
0 0.372506 0.527735 0.056338 0.025890
0 0.361454 0.527817 0.056338 0.025890
0 0.351974 0.527899 0.056338 0.025890
0 0.356976 0.527844 0.056338 0.025890
0 0.360025 0.527844 0.056338 0.025890
0 0.369838 0.527844 0.056338 0.025890
0 0.350279 0.527946 0.056338 0.025890
0 0.359072 0.527954 0.056338 0.025890
0 0.376708 0.528031 0.056338 0.025890
0 0.380820 0.527984 0.056338 0.025890
0 0.349497 0.528172 0.056338 0.025890
0 0.356595 0.528117 0.056338 0.025890
0 0.381898 0.528219 0.056338 0.025890
0 0.351031 0.528244 0.056338 0.025890
0 0.351899 0.528225 0.056338 0.025890
0 0.355738 0.528254 0.056338 0.025890
0 0.361216 0.528254 0.056338 0.025890
0 0.369124 0.528254 0.056338 0.025890
0 0.353261 0.528309 0.056338 0.025890
0 0.360406 0.528309 0.056338 0.025890
0 0.358929 0.528363 0.056338 0.025890
0 0.354166 0.528418 0.056338 0.025890
0 0.354928 0.528473 0.056338 0.025890
0 0.374459 0.528500 0.056338 0.025890
0 0.378222 0.528473 0.056338 0.025890
0 0.381414 0.528473 0.056338 0.025890
0 0.348663 0.528527 0.056338 0.025890
0 0.370743 0.528554 0.056338 0.025890
0 0.388225 0.528624 0.056338 0.025890
0 0.349640 0.528664 0.056338 0.025890
0 0.355261 0.528691 0.056338 0.025890
0 0.355785 0.528828 0.056338 0.025890
0 0.369410 0.528882 0.056338 0.025890
0 0.374840 0.528882 0.056338 0.025890
0 0.382462 0.528882 0.056338 0.025890
0 0.346401 0.528937 0.056338 0.025890
0 0.350117 0.528964 0.056338 0.025890
0 0.371839 0.528937 0.056338 0.025890
0 0.370124 0.528992 0.056338 0.025890
0 0.372601 0.529073 0.056338 0.025890
0 0.376889 0.529128 0.056338 0.025890
0 0.388597 0.529175 0.056338 0.025890
0 0.354976 0.529237 0.056338 0.025890
0 0.357548 0.529210 0.056338 0.025890
0 0.355738 0.529319 0.056338 0.025890
0 0.356452 0.529429 0.056338 0.025890
0 0.368695 0.529374 0.056338 0.025890
0 0.372840 0.529401 0.056338 0.025890
0 0.349354 0.529511 0.056338 0.025890
0 0.345592 0.529515 0.056338 0.025890
0 0.359453 0.529565 0.056338 0.025890
0 0.380223 0.529538 0.056338 0.025890
0 0.388139 0.529600 0.056338 0.025890
0 0.354642 0.529647 0.056338 0.025890
0 0.357357 0.529593 0.056338 0.025890
0 0.373434 0.529586 0.056338 0.025890
0 0.379461 0.529674 0.056338 0.025890
0 0.358310 0.529784 0.056338 0.025890
0 0.368647 0.529811 0.056338 0.025890
0 0.375317 0.529838 0.056338 0.025890
0 0.370934 0.530084 0.056338 0.025890
0 0.374412 0.530084 0.056338 0.025890
0 0.349688 0.530193 0.056338 0.025890
0 0.369695 0.530248 0.056338 0.025890
0 0.355595 0.530275 0.056338 0.025890
0 0.359453 0.530248 0.056338 0.025890
0 0.367981 0.530303 0.056338 0.025890
0 0.372626 0.530318 0.056338 0.025890
0 0.375936 0.530385 0.056338 0.025890
0 0.374459 0.530439 0.056338 0.025890
0 0.360644 0.530658 0.056338 0.025890
0 0.353308 0.530931 0.056338 0.025890
0 0.379213 0.531002 0.056338 0.025890
0 0.367647 0.531095 0.056338 0.025890
0 0.373459 0.531150 0.056338 0.025890
0 0.374126 0.531150 0.056338 0.025890
0 0.376603 0.531204 0.056338 0.025890
0 0.383510 0.531204 0.056338 0.025890
0 0.353785 0.531329 0.056338 0.025890
0 0.356548 0.531412 0.056338 0.025890
0 0.384608 0.531354 0.056338 0.025890
0 0.374412 0.531505 0.056338 0.025890
0 0.350212 0.531559 0.056338 0.025890
0 0.360359 0.531587 0.056338 0.025890
0 0.374078 0.531614 0.056338 0.025890
0 0.381170 0.531757 0.056338 0.025890
0 0.366647 0.531942 0.056338 0.025890
0 0.367266 0.531887 0.056338 0.025890
0 0.365456 0.531996 0.056338 0.025890
0 0.355928 0.532078 0.056338 0.025890
0 0.382159 0.532160 0.056338 0.025890
0 0.379509 0.532188 0.056338 0.025890
0 0.366456 0.532242 0.056338 0.025890
0 0.354630 0.532281 0.056338 0.025890
0 0.362407 0.532515 0.056338 0.025890
0 0.365503 0.532543 0.056338 0.025890
0 0.363550 0.532570 0.056338 0.025890
0 0.373983 0.532570 0.056338 0.025890
0 0.379695 0.532675 0.056338 0.025890
0 0.354356 0.532734 0.056338 0.025890
0 0.363217 0.533034 0.056338 0.025890
0 0.373255 0.533209 0.056338 0.025890
0 0.366067 0.533225 0.056338 0.025890
0 0.364694 0.533499 0.056338 0.025890
0 0.366599 0.533553 0.056338 0.025890
0 0.365718 0.533790 0.056338 0.025890
0 0.370029 0.533936 0.056338 0.025890
0 0.364741 0.533990 0.056338 0.025890
0 0.375717 0.534023 0.056338 0.025890
0 0.366790 0.534127 0.056338 0.025890
0 0.364694 0.534291 0.056338 0.025890
0 0.365932 0.534291 0.056338 0.025890
0 0.365122 0.534564 0.056338 0.025890
0 0.391180 0.520523 0.056338 0.025890
0 0.390608 0.521398 0.056338 0.025890
0 0.485015 0.525434 0.056338 0.025890
0 0.486064 0.530145 0.056338 0.025890
0 0.487302 0.531027 0.056338 0.025890
0 0.487195 0.532297 0.056338 0.025890
0 0.486504 0.533747 0.056338 0.025890
0 0.485266 0.534114 0.056338 0.025890
0 0.485324 0.534476 0.056338 0.025890
0 0.484680 0.534810 0.056338 0.025890
0 0.483228 0.535494 0.056338 0.025890
0 0.483086 0.536040 0.056338 0.025890
0 0.514613 0.523495 0.056338 0.025890
0 0.513183 0.523728 0.056338 0.025890
0 0.517779 0.523733 0.056338 0.025890
0 0.518994 0.524068 0.056338 0.025890
0 0.514665 0.524089 0.056338 0.025890
0 0.517612 0.524054 0.056338 0.025890
0 0.527796 0.524116 0.056338 0.025890
0 0.525675 0.524615 0.056338 0.025890
0 0.515196 0.524813 0.056338 0.025890
0 0.517303 0.524949 0.056338 0.025890
0 0.502978 0.525454 0.056338 0.025890
0 0.516769 0.525550 0.056338 0.025890
0 0.501821 0.525680 0.056338 0.025890
0 0.488850 0.525735 0.056338 0.025890
0 0.513743 0.525734 0.056338 0.025890
0 0.506537 0.525823 0.056338 0.025890
0 0.508444 0.525789 0.056338 0.025890
0 0.499192 0.525763 0.056338 0.025890
0 0.489886 0.526015 0.056338 0.025890
0 0.497938 0.526014 0.056338 0.025890
0 0.498688 0.526233 0.056338 0.025890
0 0.536501 0.526253 0.056338 0.025890
0 0.489769 0.526205 0.056338 0.025890
0 0.501699 0.526184 0.056338 0.025890
0 0.510159 0.526609 0.056338 0.025890
0 0.517160 0.526657 0.056338 0.025890
0 0.506144 0.526759 0.056338 0.025890
0 0.503797 0.526937 0.056338 0.025890
0 0.511193 0.526971 0.056338 0.025890
0 0.502024 0.527012 0.056338 0.025890
0 0.537227 0.526922 0.056338 0.025890
0 0.500236 0.527060 0.056338 0.025890
0 0.518280 0.527148 0.056338 0.025890
0 0.538609 0.527182 0.056338 0.025890
0 0.503814 0.527311 0.056338 0.025890
0 0.520674 0.527469 0.056338 0.025890
0 0.499364 0.527489 0.056338 0.025890
0 0.519124 0.527607 0.056338 0.025890
0 0.498832 0.527736 0.056338 0.025890
0 0.509386 0.527887 0.056338 0.025890
0 0.519792 0.527681 0.056338 0.025890
0 0.510515 0.527852 0.056338 0.025890
0 0.548201 0.528057 0.056338 0.025890
0 0.507824 0.528030 0.056338 0.025890
0 0.505846 0.528077 0.056338 0.025890
0 0.511015 0.528009 0.056338 0.025890
0 0.521185 0.528043 0.056338 0.025890
0 0.513945 0.528035 0.056338 0.025890
0 0.508597 0.528337 0.056338 0.025890
0 0.513420 0.528316 0.056338 0.025890
0 0.509663 0.528205 0.056338 0.025890
0 0.507632 0.528391 0.056338 0.025890
0 0.508292 0.528568 0.056338 0.025890
0 0.513754 0.528671 0.056338 0.025890
0 0.509681 0.528746 0.056338 0.025890
0 0.511729 0.528829 0.056338 0.025890
0 0.527320 0.528773 0.056338 0.025890
0 0.511218 0.528794 0.056338 0.025890
0 0.540504 0.528964 0.056338 0.025890
0 0.510646 0.529218 0.056338 0.025890
0 0.524533 0.529163 0.056338 0.025890
0 0.508865 0.529252 0.056338 0.025890
0 0.527582 0.529197 0.056338 0.025890
0 0.531424 0.529210 0.056338 0.025890
0 0.520781 0.529437 0.056338 0.025890
0 0.507693 0.529409 0.056338 0.025890
0 0.541776 0.529360 0.056338 0.025890
0 0.545408 0.529510 0.056338 0.025890
0 0.498331 0.529894 0.056338 0.025890
0 0.508371 0.530003 0.056338 0.025890
0 0.520041 0.529762 0.056338 0.025890
0 0.508252 0.530311 0.056338 0.025890
0 0.520517 0.530289 0.056338 0.025890
0 0.529678 0.530474 0.056338 0.025890
0 0.497926 0.530590 0.056338 0.025890
0 0.520816 0.530672 0.056338 0.025890
0 0.521507 0.530898 0.056338 0.025890
0 0.536193 0.530925 0.056338 0.025890
0 0.496759 0.530917 0.056338 0.025890
0 0.497222 0.531273 0.056338 0.025890
0 0.540929 0.531279 0.056338 0.025890
0 0.540239 0.531409 0.056338 0.025890
0 0.525521 0.531614 0.056338 0.025890
0 0.532222 0.531544 0.056338 0.025890
0 0.488264 0.531641 0.056338 0.025890
0 0.533139 0.531750 0.056338 0.025890
0 0.500475 0.531957 0.056338 0.025890
0 0.494733 0.532120 0.056338 0.025890
0 0.538263 0.532031 0.056338 0.025890
0 0.525555 0.532181 0.056338 0.025890
0 0.493660 0.532271 0.056338 0.025890
0 0.531058 0.532126 0.056338 0.025890
0 0.532832 0.532311 0.056338 0.025890
0 0.513097 0.532675 0.056338 0.025890
0 0.534329 0.532652 0.056338 0.025890
0 0.494293 0.532790 0.056338 0.025890
0 0.519949 0.532734 0.056338 0.025890
0 0.550517 0.532789 0.056338 0.025890
0 0.510864 0.532933 0.056338 0.025890
0 0.530986 0.532803 0.056338 0.025890
0 0.532713 0.532851 0.056338 0.025890
0 0.536378 0.532789 0.056338 0.025890
0 0.501867 0.532836 0.056338 0.025890
0 0.489672 0.532967 0.056338 0.025890
0 0.490946 0.532966 0.056338 0.025890
0 0.512443 0.533058 0.056338 0.025890
0 0.492459 0.533035 0.056338 0.025890
0 0.548385 0.533096 0.056338 0.025890
0 0.528331 0.533144 0.056338 0.025890
0 0.530272 0.533206 0.056338 0.025890
0 0.550860 0.533089 0.056338 0.025890
0 0.529439 0.533164 0.056338 0.025890
0 0.533308 0.533240 0.056338 0.025890
0 0.502642 0.533522 0.056338 0.025890
0 0.531320 0.533363 0.056338 0.025890
0 0.550577 0.533356 0.056338 0.025890
0 0.503685 0.533421 0.056338 0.025890
0 0.531855 0.533425 0.056338 0.025890
0 0.534474 0.533486 0.056338 0.025890
0 0.551255 0.533520 0.056338 0.025890
0 0.530426 0.533540 0.056338 0.025890
0 0.504726 0.533799 0.056338 0.025890
0 0.534959 0.533677 0.056338 0.025890
0 0.550077 0.533697 0.056338 0.025890
0 0.533117 0.533772 0.056338 0.025890
0 0.545253 0.533752 0.056338 0.025890
0 0.493948 0.533930 0.056338 0.025890
0 0.537131 0.533834 0.056338 0.025890
0 0.534214 0.533868 0.056338 0.025890
0 0.536672 0.534122 0.056338 0.025890
0 0.544801 0.533936 0.056338 0.025890
0 0.493019 0.534100 0.056338 0.025890
0 0.502656 0.533990 0.056338 0.025890
0 0.531961 0.534257 0.056338 0.025890
0 0.549778 0.534223 0.056338 0.025890
0 0.535642 0.534463 0.056338 0.025890
0 0.531302 0.534578 0.056338 0.025890
0 0.550850 0.534557 0.056338 0.025890
0 0.502117 0.534626 0.056338 0.025890
0 0.530045 0.534530 0.056338 0.025890
0 0.534939 0.534783 0.056338 0.025890
0 0.531994 0.534920 0.056338 0.025890
0 0.535488 0.534817 0.056338 0.025890
0 0.537143 0.534899 0.056338 0.025890
0 0.535995 0.534871 0.056338 0.025890
0 0.538237 0.534933 0.056338 0.025890
0 0.552110 0.534775 0.056338 0.025890
0 0.531345 0.534981 0.056338 0.025890
0 0.501202 0.535077 0.056338 0.025890
0 0.533416 0.534981 0.056338 0.025890
0 0.492577 0.535104 0.056338 0.025890
0 0.533963 0.535063 0.056338 0.025890
0 0.538822 0.535118 0.056338 0.025890
0 0.506005 0.535282 0.056338 0.025890
0 0.540419 0.535083 0.056338 0.025890
0 0.529676 0.535247 0.056338 0.025890
0 0.494388 0.535220 0.056338 0.025890
0 0.537855 0.535274 0.056338 0.025890
0 0.499772 0.535452 0.056338 0.025890
0 0.531606 0.535397 0.056338 0.025890
0 0.532079 0.535292 0.056338 0.025890
0 0.539180 0.535637 0.056338 0.025890
0 0.492887 0.535822 0.056338 0.025890
0 0.497115 0.535794 0.056338 0.025890
0 0.533320 0.535814 0.056338 0.025890
0 0.543203 0.535876 0.056338 0.025890
0 0.541384 0.535875 0.056338 0.025890
0 0.492411 0.535951 0.056338 0.025890
0 0.490361 0.536088 0.056338 0.025890
0 0.540669 0.536108 0.056338 0.025890
0 0.496543 0.536232 0.056338 0.025890
0 0.505903 0.536195 0.056338 0.025890
0 0.534058 0.536224 0.056338 0.025890
0 0.542991 0.536265 0.056338 0.025890
0 0.544468 0.536223 0.056338 0.025890
0 0.491029 0.536334 0.056338 0.025890
0 0.506638 0.536414 0.056338 0.025890
0 0.541371 0.536326 0.056338 0.025890
0 0.541822 0.536333 0.056338 0.025890
0 0.540096 0.536619 0.056338 0.025890
0 0.491233 0.536798 0.056338 0.025890
0 0.491983 0.536832 0.056338 0.025890
0 0.538214 0.536895 0.056338 0.025890
0 0.523157 0.536809 0.056338 0.025890
0 0.538703 0.536825 0.056338 0.025890
0 0.494734 0.536962 0.056338 0.025890
0 0.540953 0.536948 0.056338 0.025890
0 0.496400 0.537023 0.056338 0.025890
0 0.539681 0.537050 0.056338 0.025890
0 0.490886 0.537187 0.056338 0.025890
0 0.492745 0.537208 0.056338 0.025890
0 0.540466 0.537139 0.056338 0.025890
0 0.543740 0.537146 0.056338 0.025890
0 0.523710 0.537234 0.056338 0.025890
0 0.494007 0.537186 0.056338 0.025890
0 0.523062 0.537363 0.056338 0.025890
0 0.542418 0.537255 0.056338 0.025890
0 0.495793 0.537337 0.056338 0.025890
0 0.494711 0.537433 0.056338 0.025890
0 0.490933 0.537521 0.056338 0.025890
0 0.543527 0.537460 0.056338 0.025890
0 0.493507 0.537638 0.056338 0.025890
0 0.491743 0.537658 0.056338 0.025890
0 0.538762 0.537644 0.056338 0.025890
0 0.523787 0.537715 0.056338 0.025890
0 0.492659 0.537849 0.056338 0.025890
0 0.495305 0.537815 0.056338 0.025890
0 0.536856 0.538027 0.056338 0.025890
0 0.534285 0.538020 0.056338 0.025890
0 0.535011 0.538033 0.056338 0.025890
0 0.526126 0.538061 0.056338 0.025890
0 0.501170 0.538081 0.056338 0.025890
0 0.528011 0.538452 0.056338 0.025890
0 0.537405 0.538293 0.056338 0.025890
0 0.493278 0.538376 0.056338 0.025890
0 0.540274 0.538334 0.056338 0.025890
0 0.538238 0.538471 0.056338 0.025890
0 0.500938 0.538553 0.056338 0.025890
0 0.533901 0.538470 0.056338 0.025890
0 0.536568 0.538443 0.056338 0.025890
0 0.536060 0.538614 0.056338 0.025890
0 0.494994 0.538724 0.056338 0.025890
0 0.498318 0.538820 0.056338 0.025890
0 0.537726 0.538874 0.056338 0.025890
0 0.500748 0.538942 0.056338 0.025890
0 0.533996 0.538825 0.056338 0.025890
0 0.539156 0.538928 0.056338 0.025890
0 0.545409 0.538880 0.056338 0.025890
0 0.523845 0.538971 0.056338 0.025890
0 0.499127 0.539107 0.056338 0.025890
0 0.530713 0.539015 0.056338 0.025890
0 0.496790 0.539223 0.056338 0.025890
0 0.525704 0.539132 0.056338 0.025890
0 0.535419 0.538692 0.056338 0.025890
0 0.536596 0.538982 0.056338 0.025890
0 0.541192 0.539037 0.056338 0.025890
0 0.528533 0.539071 0.056338 0.025890
0 0.537131 0.539154 0.056338 0.025890
0 0.538453 0.539113 0.056338 0.025890
0 0.539929 0.539092 0.056338 0.025890
0 0.524435 0.539393 0.056338 0.025890
0 0.527336 0.539310 0.056338 0.025890
0 0.531342 0.539351 0.056338 0.025890
0 0.497889 0.539544 0.056338 0.025890
0 0.545314 0.539386 0.056338 0.025890
0 0.496271 0.539564 0.056338 0.025890
0 0.538998 0.539364 0.056338 0.025890
0 0.522558 0.539598 0.056338 0.025890
0 0.533631 0.539515 0.056338 0.025890
0 0.544669 0.539529 0.056338 0.025890
0 0.495138 0.539700 0.056338 0.025890
0 0.524682 0.539743 0.056338 0.025890
0 0.494210 0.539837 0.056338 0.025890
0 0.531379 0.539782 0.056338 0.025890
0 0.535881 0.539795 0.056338 0.025890
0 0.532404 0.539912 0.056338 0.025890
0 0.539681 0.539829 0.056338 0.025890
0 0.528600 0.539963 0.056338 0.025890
0 0.494708 0.540090 0.056338 0.025890
0 0.525509 0.539984 0.056338 0.025890
0 0.541216 0.539959 0.056338 0.025890
0 0.496759 0.540062 0.056338 0.025890
0 0.522421 0.540096 0.056338 0.025890
0 0.523842 0.540143 0.056338 0.025890
0 0.536513 0.540055 0.056338 0.025890
0 0.538798 0.540028 0.056338 0.025890
0 0.492732 0.540213 0.056338 0.025890
0 0.534058 0.540137 0.056338 0.025890
0 0.533451 0.540192 0.056338 0.025890
0 0.537392 0.540123 0.056338 0.025890
0 0.520073 0.540273 0.056338 0.025890
0 0.545875 0.540116 0.056338 0.025890
0 0.531140 0.540240 0.056338 0.025890
0 0.520748 0.540395 0.056338 0.025890
0 0.536832 0.540356 0.056338 0.025890
0 0.543700 0.540280 0.056338 0.025890
0 0.546837 0.540239 0.056338 0.025890
0 0.492422 0.540355 0.056338 0.025890
0 0.490457 0.540479 0.056338 0.025890
0 0.528124 0.540487 0.056338 0.025890
0 0.542644 0.540444 0.056338 0.025890
0 0.532237 0.540498 0.056338 0.025890
0 0.491564 0.540670 0.056338 0.025890
0 0.498425 0.540739 0.056338 0.025890
0 0.489598 0.540656 0.056338 0.025890
0 0.491077 0.540724 0.056338 0.025890
0 0.495124 0.540656 0.056338 0.025890
0 0.529042 0.540683 0.056338 0.025890
0 0.493530 0.540858 0.056338 0.025890
0 0.522632 0.540856 0.056338 0.025890
0 0.542979 0.540875 0.056338 0.025890
0 0.519705 0.540949 0.056338 0.025890
0 0.520291 0.540943 0.056338 0.025890
0 0.520948 0.540853 0.056338 0.025890
0 0.530846 0.540908 0.056338 0.025890
0 0.489026 0.541038 0.056338 0.025890
0 0.517412 0.541372 0.056338 0.025890
0 0.544909 0.541066 0.056338 0.025890
0 0.543415 0.540892 0.056338 0.025890
0 0.543903 0.541037 0.056338 0.025890
0 0.547088 0.541202 0.056338 0.025890
0 0.519505 0.541278 0.056338 0.025890
0 0.496934 0.541366 0.056338 0.025890
0 0.544312 0.541206 0.056338 0.025890
0 0.491425 0.541647 0.056338 0.025890
0 0.496078 0.541564 0.056338 0.025890
0 0.545750 0.541721 0.056338 0.025890
0 0.497853 0.541770 0.056338 0.025890
0 0.489708 0.541858 0.056338 0.025890
0 0.520562 0.541748 0.056338 0.025890
0 0.544241 0.541892 0.056338 0.025890
0 0.546587 0.541885 0.056338 0.025890
0 0.548017 0.541809 0.056338 0.025890
0 0.498878 0.541947 0.056338 0.025890
0 0.545443 0.542090 0.056338 0.025890
0 0.490337 0.542200 0.056338 0.025890
0 0.492113 0.542206 0.056338 0.025890
0 0.491279 0.542275 0.056338 0.025890
0 0.495791 0.542267 0.056338 0.025890
0 0.546279 0.542363 0.056338 0.025890
0 0.497210 0.542466 0.056338 0.025890
0 0.514893 0.542540 0.056338 0.025890
0 0.550648 0.542588 0.056338 0.025890
0 0.489789 0.542677 0.056338 0.025890
0 0.499652 0.542704 0.056338 0.025890
0 0.546706 0.542670 0.056338 0.025890
0 0.490683 0.542835 0.056338 0.025890
0 0.546253 0.542869 0.056338 0.025890
0 0.492361 0.542814 0.056338 0.025890
0 0.491779 0.542944 0.056338 0.025890
0 0.549838 0.543033 0.056338 0.025890
0 0.499652 0.543108 0.056338 0.025890
0 0.498044 0.543122 0.056338 0.025890
0 0.546945 0.543135 0.056338 0.025890
0 0.499056 0.543231 0.056338 0.025890
0 0.548011 0.543359 0.056338 0.025890
0 0.499239 0.543769 0.056338 0.025890
0 0.501245 0.543865 0.056338 0.025890
0 0.504513 0.543879 0.056338 0.025890
0 0.509606 0.543879 0.056338 0.025890
0 0.503966 0.544012 0.056338 0.025890
0 0.536397 0.544354 0.056338 0.025890
0 0.501269 0.544698 0.056338 0.025890
0 0.357781 0.511754 0.056338 0.025890
0 0.354559 0.516599 0.056338 0.025890
0 0.351469 0.520482 0.056338 0.025890
0 0.352357 0.520423 0.056338 0.025890
0 0.352311 0.520880 0.056338 0.025890
0 0.351799 0.520743 0.056338 0.025890
0 0.352828 0.520883 0.056338 0.025890
0 0.356208 0.521494 0.056338 0.025890
0 0.343299 0.523868 0.056338 0.025890
0 0.344344 0.523905 0.056338 0.025890
0 0.345637 0.523646 0.056338 0.025890
0 0.347741 0.524294 0.056338 0.025890
0 0.350995 0.525734 0.056338 0.025890
0 0.349622 0.525834 0.056338 0.025890
0 0.347340 0.526835 0.056338 0.025890
0 0.346455 0.527249 0.056338 0.025890
0 0.346874 0.527683 0.056338 0.025890
0 0.346199 0.527717 0.056338 0.025890
0 0.346955 0.528177 0.056338 0.025890
0 0.349377 0.527590 0.056338 0.025890
0 0.350669 0.527703 0.056338 0.025890
0 0.351333 0.527603 0.056338 0.025890
0 0.350036 0.528330 0.056338 0.025890
0 0.345429 0.527614 0.056338 0.025890
0 0.345094 0.527442 0.056338 0.025890
0 0.344437 0.527524 0.056338 0.025890
0 0.345038 0.528475 0.056338 0.025890
0 0.346461 0.528018 0.056338 0.025890
0 0.346448 0.528355 0.056338 0.025890
0 0.345716 0.527232 0.056338 0.025890
0 0.346017 0.526917 0.056338 0.025890
0 0.346655 0.529119 0.056338 0.025890
0 0.350225 0.530725 0.056338 0.025890
0 0.350556 0.531310 0.056338 0.025890
0 0.350758 0.528877 0.056338 0.025890
0 0.351329 0.528749 0.056338 0.025890
0 0.351762 0.528991 0.056338 0.025890
0 0.352630 0.529460 0.056338 0.025890
0 0.352729 0.528486 0.056338 0.025890
0 0.351564 0.525714 0.056338 0.025890
0 0.352085 0.525792 0.056338 0.025890
0 0.352233 0.527221 0.056338 0.025890
0 0.351862 0.526930 0.056338 0.025890
0 0.351192 0.527051 0.056338 0.025890
0 0.351638 0.527242 0.056338 0.025890
0 0.353696 0.527889 0.056338 0.025890
0 0.355060 0.527726 0.056338 0.025890
0 0.354874 0.527484 0.056338 0.025890
0 0.354427 0.526802 0.056338 0.025890
0 0.354551 0.527058 0.056338 0.025890
0 0.353783 0.527470 0.056338 0.025890
0 0.354031 0.527257 0.056338 0.025890
0 0.354068 0.528024 0.056338 0.025890
0 0.356051 0.526851 0.056338 0.025890
0 0.357192 0.524989 0.056338 0.025890
0 0.358146 0.527186 0.056338 0.025890
0 0.364877 0.533249 0.056338 0.025890
0 0.367170 0.530882 0.056338 0.025890
0 0.367356 0.530604 0.056338 0.025890
0 0.369376 0.533675 0.056338 0.025890
0 0.374248 0.533021 0.056338 0.025890
0 0.375041 0.529609 0.056338 0.025890
0 0.375052 0.530180 0.056338 0.025890
0 0.383186 0.532460 0.056338 0.025890
0 0.380643 0.530003 0.056338 0.025890
0 0.365267 0.523514 0.056338 0.025890
0 0.361172 0.527321 0.056338 0.025890
0 0.358757 0.526710 0.056338 0.025890
0 0.347949 0.527855 0.056338 0.025890
0 0.347922 0.527453 0.056338 0.025890
0 0.347908 0.530719 0.056338 0.025890
0 0.370577 0.524276 0.056338 0.025890
0 0.498828 0.527260 0.056338 0.025890
0 0.515101 0.525207 0.056338 0.025890
0 0.522157 0.528577 0.056338 0.025890
0 0.546844 0.528434 0.056338 0.025890
0 0.532414 0.533147 0.056338 0.025890
0 0.542147 0.539809 0.056338 0.025890
0 0.545541 0.541445 0.056338 0.025890
0 0.360825 0.525974 0.056338 0.025890
0 0.540199 0.535315 0.056338 0.025890
0 0.492662 0.540658 0.056338 0.025890
0 0.491014 0.541980 0.056338 0.025890
0 0.491289 0.541076 0.056338 0.025890
0 0.490549 0.540665 0.056338 0.025890
0 0.490334 0.541596 0.056338 0.025890
0 0.349714 0.531204 0.056338 0.025890
0 0.350189 0.531054 0.056338 0.025890
0 0.349084 0.530293 0.056338 0.025890
0 0.351847 0.530899 0.056338 0.025890
0 0.351236 0.530910 0.056338 0.025890
0 0.352787 0.531527 0.056338 0.025890
0 0.352196 0.531727 0.056338 0.025890
0 0.351420 0.531777 0.056338 0.025890
0 0.351091 0.531621 0.056338 0.025890
0 0.347912 0.530004 0.056338 0.025890
0 0.348212 0.530226 0.056338 0.025890
0 0.345944 0.529681 0.056338 0.025890
0 0.345761 0.529234 0.056338 0.025890
0 0.348067 0.529409 0.056338 0.025890
0 0.349101 0.530623 0.056338 0.025890
0 0.350506 0.530163 0.056338 0.025890
0 0.350032 0.529323 0.056338 0.025890
0 0.350429 0.529555 0.056338 0.025890
0 0.351529 0.529756 0.056338 0.025890
0 0.351926 0.529629 0.056338 0.025890
0 0.354981 0.530680 0.056338 0.025890
0 0.354276 0.529856 0.056338 0.025890
0 0.356301 0.530214 0.056338 0.025890
0 0.356518 0.530903 0.056338 0.025890
0 0.356210 0.529198 0.056338 0.025890
0 0.355225 0.528929 0.056338 0.025890
0 0.354448 0.528348 0.056338 0.025890
0 0.354041 0.528654 0.056338 0.025890
0 0.354828 0.528949 0.056338 0.025890
0 0.353255 0.529405 0.056338 0.025890
0 0.351665 0.529359 0.056338 0.025890
0 0.351086 0.529167 0.056338 0.025890
0 0.350580 0.528747 0.056338 0.025890
0 0.350273 0.528623 0.056338 0.025890
0 0.349134 0.528509 0.056338 0.025890
0 0.347797 0.529110 0.056338 0.025890
0 0.348050 0.528685 0.056338 0.025890
0 0.370478 0.524883 0.056338 0.025890
0 0.370852 0.524394 0.056338 0.025890
0 0.371012 0.525159 0.056338 0.025890
0 0.374373 0.526421 0.056338 0.025890
0 0.373506 0.526650 0.056338 0.025890
0 0.373986 0.526727 0.056338 0.025890
0 0.374293 0.527446 0.056338 0.025890
0 0.375040 0.527254 0.056338 0.025890
0 0.374493 0.527813 0.056338 0.025890
0 0.372426 0.528218 0.056338 0.025890
0 0.372893 0.528012 0.056338 0.025890
0 0.375000 0.528539 0.056338 0.025890
0 0.374507 0.528249 0.056338 0.025890
0 0.375747 0.528065 0.056338 0.025890
0 0.376574 0.528272 0.056338 0.025890
0 0.377401 0.527813 0.056338 0.025890
0 0.377588 0.528034 0.056338 0.025890
0 0.371292 0.530520 0.056338 0.025890
0 0.372119 0.530627 0.056338 0.025890
0 0.372746 0.530742 0.056338 0.025890
0 0.372706 0.530528 0.056338 0.025890
0 0.373453 0.530038 0.056338 0.025890
0 0.373746 0.529977 0.056338 0.025890
0 0.373733 0.529702 0.056338 0.025890
0 0.370892 0.529557 0.056338 0.025890
0 0.370518 0.529365 0.056338 0.025890
0 0.370825 0.528868 0.056338 0.025890
0 0.371545 0.528776 0.056338 0.025890
0 0.373760 0.532341 0.056338 0.025890
0 0.373573 0.532555 0.056338 0.025890
0 0.375294 0.529419 0.056338 0.025890
0 0.374827 0.529916 0.056338 0.025890
0 0.374920 0.530543 0.056338 0.025890
0 0.368584 0.528325 0.056338 0.025890
0 0.368411 0.528654 0.056338 0.025890
0 0.368624 0.528983 0.056338 0.025890
0 0.368985 0.529113 0.056338 0.025890
0 0.369091 0.529717 0.056338 0.025890
0 0.365090 0.524279 0.056338 0.025890
0 0.380176 0.525342 0.056338 0.025890
0 0.380416 0.525220 0.056338 0.025890
0 0.380376 0.526382 0.056338 0.025890
0 0.381576 0.527277 0.056338 0.025890
0 0.382336 0.528432 0.056338 0.025890
0 0.382176 0.528700 0.056338 0.025890
0 0.382777 0.528119 0.056338 0.025890
0 0.380562 0.529235 0.056338 0.025890
0 0.381683 0.529319 0.056338 0.025890
0 0.382176 0.530298 0.056338 0.025890
0 0.380602 0.531377 0.056338 0.025890
0 0.379495 0.531721 0.056338 0.025890
0 0.385644 0.531591 0.056338 0.025890
0 0.378228 0.528998 0.056338 0.025890
0 0.377601 0.526046 0.056338 0.025890
0 0.376374 0.526635 0.056338 0.025890
0 0.376921 0.526818 0.056338 0.025890
0 0.376601 0.526979 0.056338 0.025890
0 0.375854 0.526910 0.056338 0.025890
0 0.374813 0.526382 0.056338 0.025890
0 0.372199 0.527591 0.056338 0.025890
0 0.373866 0.524256 0.056338 0.025890
0 0.374400 0.524340 0.056338 0.025890
0 0.369278 0.527476 0.056338 0.025890
0 0.368851 0.527491 0.056338 0.025890
0 0.370305 0.528142 0.056338 0.025890
0 0.373261 0.532712 0.056338 0.025890
0 0.372819 0.533112 0.056338 0.025890
0 0.372309 0.533165 0.056338 0.025890
0 0.372229 0.533388 0.056338 0.025890
0 0.373797 0.532958 0.056338 0.025890
0 0.375540 0.533165 0.056338 0.025890
0 0.370781 0.533557 0.056338 0.025890
0 0.368730 0.533980 0.056338 0.025890
0 0.365513 0.534341 0.056338 0.025890
0 0.366398 0.533819 0.056338 0.025890
0 0.365272 0.533750 0.056338 0.025890
0 0.365003 0.532227 0.056338 0.025890
0 0.362537 0.533142 0.056338 0.025890
0 0.361223 0.531828 0.056338 0.025890
0 0.360204 0.530875 0.056338 0.025890
0 0.359735 0.530998 0.056338 0.025890
0 0.360084 0.531305 0.056338 0.025890
0 0.359628 0.531397 0.056338 0.025890
0 0.359601 0.531774 0.056338 0.025890
0 0.359896 0.532112 0.056338 0.025890
0 0.360231 0.530475 0.056338 0.025890
0 0.353864 0.532281 0.056338 0.025890
0 0.355660 0.531082 0.056338 0.025890
0 0.356397 0.531151 0.056338 0.025890
0 0.352751 0.529906 0.056338 0.025890
0 0.352389 0.530129 0.056338 0.025890
0 0.350686 0.530506 0.056338 0.025890
0 0.351169 0.531951 0.056338 0.025890
0 0.346002 0.528982 0.056338 0.025890
0 0.349291 0.527172 0.056338 0.025890
0 0.349589 0.527848 0.056338 0.025890
0 0.347406 0.529029 0.056338 0.025890
0 0.347611 0.528806 0.056338 0.025890
0 0.345920 0.528465 0.056338 0.025890
0 0.346002 0.528224 0.056338 0.025890
0 0.345694 0.527919 0.056338 0.025890
0 0.345346 0.528095 0.056338 0.025890
0 0.347375 0.527419 0.056338 0.025890
0 0.346955 0.527172 0.056338 0.025890
0 0.346750 0.527425 0.056338 0.025890
0 0.345991 0.527495 0.056338 0.025890
0 0.346524 0.526855 0.056338 0.025890
0 0.350685 0.526338 0.056338 0.025890
0 0.353473 0.526267 0.056338 0.025890
0 0.352489 0.526302 0.056338 0.025890
0 0.352878 0.526220 0.056338 0.025890
0 0.354241 0.525644 0.056338 0.025890
0 0.353719 0.525962 0.056338 0.025890
0 0.352202 0.525574 0.056338 0.025890
0 0.344065 0.526479 0.056338 0.025890
0 0.343854 0.526200 0.056338 0.025890
0 0.343901 0.525857 0.056338 0.025890
0 0.348887 0.524888 0.056338 0.025890
0 0.348073 0.525001 0.056338 0.025890
0 0.345870 0.524784 0.056338 0.025890
0 0.345063 0.524638 0.056338 0.025890
0 0.345056 0.524271 0.056338 0.025890
0 0.345783 0.524033 0.056338 0.025890
0 0.346963 0.524630 0.056338 0.025890
0 0.346932 0.524358 0.056338 0.025890
0 0.348148 0.524393 0.056338 0.025890
0 0.347153 0.523591 0.056338 0.025890
0 0.347874 0.523070 0.056338 0.025890
0 0.343731 0.523035 0.056338 0.025890
0 0.353922 0.521933 0.056338 0.025890
0 0.354762 0.520782 0.056338 0.025890
0 0.354754 0.521013 0.056338 0.025890
0 0.348208 0.521742 0.056338 0.025890
0 0.343585 0.519739 0.056338 0.025890
0 0.354179 0.516763 0.056338 0.025890
0 0.352661 0.516390 0.056338 0.025890
0 0.352223 0.516817 0.056338 0.025890
0 0.349916 0.517201 0.056338 0.025890
0 0.348020 0.517757 0.056338 0.025890
0 0.344897 0.516670 0.056338 0.025890
0 0.346982 0.515416 0.056338 0.025890
0 0.346313 0.514333 0.056338 0.025890
0 0.354016 0.514983 0.056338 0.025890
0 0.354977 0.515499 0.056338 0.025890
0 0.356204 0.513694 0.056338 0.025890
0 0.357696 0.512533 0.056338 0.025890
0 0.359601 0.512115 0.056338 0.025890
0 0.362963 0.510000 0.056338 0.025890
0 0.361179 0.510344 0.056338 0.025890
0 0.369183 0.512267 0.056338 0.025890
0 0.371482 0.523163 0.056338 0.025890
0 0.374776 0.525495 0.056338 0.025890
0 0.374364 0.526056 0.056338 0.025890
0 0.373687 0.527772 0.056338 0.025890
0 0.376217 0.528048 0.056338 0.025890
0 0.375831 0.528338 0.056338 0.025890
0 0.373832 0.531963 0.056338 0.025890
0 0.388467 0.529361 0.056338 0.025890
0 0.389668 0.527477 0.056338 0.025890
0 0.381278 0.527831 0.056338 0.025890
0 0.388201 0.523557 0.056338 0.025890
0 0.376397 0.522558 0.056338 0.025890
0 0.376354 0.523089 0.056338 0.025890
0 0.377324 0.523591 0.056338 0.025890
0 0.376543 0.523857 0.056338 0.025890
0 0.387464 0.519567 0.056338 0.025890
0 0.387112 0.519798 0.056338 0.025890
0 0.383286 0.516783 0.056338 0.025890
0 0.375351 0.514786 0.056338 0.025890
0 0.375608 0.514766 0.056338 0.025890
0 0.370993 0.514333 0.056338 0.025890
0 0.387927 0.529032 0.056338 0.025890
0 0.388776 0.529740 0.056338 0.025890
0 0.489815 0.542224 0.056338 0.025890
0 0.491416 0.541409 0.056338 0.025890
0 0.492042 0.540670 0.056338 0.025890
0 0.488225 0.540905 0.056338 0.025890
0 0.489670 0.541264 0.056338 0.025890
0 0.496342 0.542610 0.056338 0.025890
0 0.499027 0.540200 0.056338 0.025890
0 0.497401 0.541133 0.056338 0.025890
0 0.497847 0.541174 0.056338 0.025890
0 0.498172 0.541029 0.056338 0.025890
0 0.497425 0.541485 0.056338 0.025890
0 0.496089 0.541071 0.056338 0.025890
0 0.495342 0.540345 0.056338 0.025890
0 0.497991 0.539178 0.056338 0.025890
0 0.494752 0.539337 0.056338 0.025890
0 0.496354 0.537632 0.056338 0.025890
0 0.495920 0.537783 0.056338 0.025890
0 0.495499 0.537549 0.056338 0.025890
0 0.493644 0.538329 0.056338 0.025890
0 0.493921 0.537459 0.056338 0.025890
0 0.493102 0.537859 0.056338 0.025890
0 0.495306 0.535650 0.056338 0.025890
0 0.492885 0.534427 0.056338 0.025890
0 0.492873 0.534745 0.056338 0.025890
0 0.496450 0.536603 0.056338 0.025890
0 0.483541 0.535926 0.056338 0.025890
0 0.484552 0.535180 0.056338 0.025890
0 0.484853 0.534952 0.056338 0.025890
0 0.485540 0.533723 0.056338 0.025890
0 0.486491 0.533557 0.056338 0.025890
0 0.497702 0.530056 0.056338 0.025890
0 0.497751 0.531265 0.056338 0.025890
0 0.496016 0.532245 0.056338 0.025890
0 0.495125 0.532528 0.056338 0.025890
0 0.494535 0.532328 0.056338 0.025890
0 0.494367 0.532135 0.056338 0.025890
0 0.494138 0.533095 0.056338 0.025890
0 0.493512 0.533295 0.056338 0.025890
0 0.493572 0.532542 0.056338 0.025890
0 0.492958 0.533502 0.056338 0.025890
0 0.491561 0.532970 0.056338 0.025890
0 0.490489 0.532888 0.056338 0.025890
0 0.490068 0.533150 0.056338 0.025890
0 0.490730 0.533281 0.056338 0.025890
0 0.491982 0.533544 0.056338 0.025890
0 0.492295 0.533730 0.056338 0.025890
0 0.491187 0.532791 0.056338 0.025890
0 0.492922 0.532425 0.056338 0.025890
0 0.487972 0.531078 0.056338 0.025890
0 0.488177 0.530678 0.056338 0.025890
0 0.487105 0.530402 0.056338 0.025890
0 0.484323 0.530636 0.056338 0.025890
0 0.483986 0.530712 0.056338 0.025890
0 0.484781 0.530567 0.056338 0.025890
0 0.485010 0.530153 0.056338 0.025890
0 0.483215 0.530933 0.056338 0.025890
0 0.488020 0.528475 0.056338 0.025890
0 0.499593 0.525830 0.056338 0.025890
0 0.499593 0.526265 0.056338 0.025890
0 0.500279 0.525761 0.056338 0.025890
0 0.499677 0.527632 0.056338 0.025890
0 0.500243 0.527612 0.056338 0.025890
0 0.502062 0.525257 0.056338 0.025890
0 0.504579 0.527702 0.056338 0.025890
0 0.507180 0.527142 0.056338 0.025890
0 0.506096 0.526417 0.056338 0.025890
0 0.507637 0.526707 0.056338 0.025890
0 0.507541 0.528882 0.056338 0.025890
0 0.509083 0.528634 0.056338 0.025890
0 0.509384 0.529255 0.056338 0.025890
0 0.512515 0.529007 0.056338 0.025890
0 0.511961 0.529090 0.056338 0.025890
0 0.511491 0.529172 0.056338 0.025890
0 0.507806 0.529877 0.056338 0.025890
0 0.508155 0.529020 0.056338 0.025890
0 0.510540 0.527646 0.056338 0.025890
0 0.510407 0.527115 0.056338 0.025890
0 0.509167 0.527688 0.056338 0.025890
0 0.507433 0.526155 0.056338 0.025890
0 0.509119 0.525858 0.056338 0.025890
0 0.509697 0.525485 0.056338 0.025890
0 0.509817 0.525685 0.056338 0.025890
0 0.510287 0.525561 0.056338 0.025890
0 0.512430 0.525685 0.056338 0.025890
0 0.511864 0.525298 0.056338 0.025890
0 0.511154 0.525036 0.056338 0.025890
0 0.511575 0.524794 0.056338 0.025890
0 0.514514 0.525485 0.056338 0.025890
0 0.515080 0.524125 0.056338 0.025890
0 0.514562 0.522654 0.056338 0.025890
0 0.515610 0.522737 0.056338 0.025890
0 0.513863 0.523130 0.056338 0.025890
0 0.516200 0.524014 0.056338 0.025890
0 0.516585 0.523876 0.056338 0.025890
0 0.527074 0.524635 0.056338 0.025890
0 0.527628 0.524732 0.056338 0.025890
0 0.520619 0.526686 0.056338 0.025890
0 0.518656 0.526003 0.056338 0.025890
0 0.519415 0.526203 0.056338 0.025890
0 0.520378 0.527998 0.056338 0.025890
0 0.522173 0.528047 0.056338 0.025890
0 0.517320 0.528841 0.056338 0.025890
0 0.521438 0.529573 0.056338 0.025890
0 0.519800 0.532356 0.056338 0.025890
0 0.523847 0.530498 0.056338 0.025890
0 0.523798 0.530982 0.056338 0.025890
0 0.526135 0.528682 0.056338 0.025890
0 0.526628 0.528565 0.056338 0.025890
0 0.530518 0.525416 0.056338 0.025890
0 0.531758 0.525057 0.056338 0.025890
0 0.537551 0.526714 0.056338 0.025890
0 0.539309 0.527218 0.056338 0.025890
0 0.540008 0.527522 0.056338 0.025890
0 0.543524 0.526762 0.056338 0.025890
0 0.538839 0.532169 0.056338 0.025890
0 0.537732 0.531589 0.056338 0.025890
0 0.537298 0.531548 0.056338 0.025890
0 0.537214 0.531714 0.056338 0.025890
0 0.536828 0.531714 0.056338 0.025890
0 0.536021 0.532335 0.056338 0.025890
0 0.537515 0.532729 0.056338 0.025890
0 0.537840 0.532370 0.056338 0.025890
0 0.532842 0.531272 0.056338 0.025890
0 0.533228 0.531168 0.056338 0.025890
0 0.534131 0.530892 0.056338 0.025890
0 0.531024 0.532411 0.056338 0.025890
0 0.531626 0.532377 0.056338 0.025890
0 0.532023 0.532881 0.056338 0.025890
0 0.533192 0.532839 0.056338 0.025890
0 0.535516 0.533695 0.056338 0.025890
0 0.534865 0.534020 0.056338 0.025890
0 0.534251 0.534103 0.056338 0.025890
0 0.532951 0.533495 0.056338 0.025890
0 0.530590 0.533847 0.056338 0.025890
0 0.537551 0.533626 0.056338 0.025890
0 0.537105 0.533240 0.056338 0.025890
0 0.536539 0.533178 0.056338 0.025890
0 0.533529 0.532349 0.056338 0.025890
0 0.533878 0.532411 0.056338 0.025890
0 0.534564 0.532383 0.056338 0.025890
0 0.535540 0.532570 0.056338 0.025890
0 0.533384 0.534262 0.056338 0.025890
0 0.533517 0.534503 0.056338 0.025890
0 0.534131 0.534676 0.056338 0.025890
0 0.536901 0.535035 0.056338 0.025890
0 0.536551 0.534842 0.056338 0.025890
0 0.533396 0.536064 0.056338 0.025890
0 0.532433 0.535650 0.056338 0.025890
0 0.532481 0.534780 0.056338 0.025890
0 0.531722 0.534600 0.056338 0.025890
0 0.532252 0.534158 0.056338 0.025890
0 0.532373 0.534483 0.056338 0.025890
0 0.530386 0.535208 0.056338 0.025890
0 0.529976 0.534966 0.056338 0.025890
0 0.543500 0.535843 0.056338 0.025890
0 0.542272 0.536396 0.056338 0.025890
0 0.541573 0.536126 0.056338 0.025890
0 0.541019 0.536175 0.056338 0.025890
0 0.539887 0.535781 0.056338 0.025890
0 0.539634 0.536354 0.056338 0.025890
0 0.539610 0.536078 0.056338 0.025890
0 0.538755 0.536002 0.056338 0.025890
0 0.542272 0.537024 0.056338 0.025890
0 0.532903 0.537293 0.056338 0.025890
0 0.534167 0.537507 0.056338 0.025890
0 0.534095 0.537266 0.056338 0.025890
0 0.535106 0.537424 0.056338 0.025890
0 0.536190 0.537424 0.056338 0.025890
0 0.536828 0.537362 0.056338 0.025890
0 0.537539 0.537314 0.056338 0.025890
0 0.540393 0.537721 0.056338 0.025890
0 0.542561 0.538281 0.056338 0.025890
0 0.542091 0.538108 0.056338 0.025890
0 0.542838 0.537507 0.056338 0.025890
0 0.528772 0.539337 0.056338 0.025890
0 0.529832 0.539475 0.056338 0.025890
0 0.530626 0.540007 0.056338 0.025890
0 0.533167 0.540477 0.056338 0.025890
0 0.533107 0.539731 0.056338 0.025890
0 0.535166 0.540152 0.056338 0.025890
0 0.539743 0.539399 0.056338 0.025890
0 0.539128 0.539544 0.056338 0.025890
0 0.538574 0.538854 0.056338 0.025890
0 0.538924 0.538419 0.056338 0.025890
0 0.535985 0.538246 0.056338 0.025890
0 0.535179 0.539033 0.056338 0.025890
0 0.534890 0.539178 0.056338 0.025890
0 0.532505 0.539372 0.056338 0.025890
0 0.533625 0.538992 0.056338 0.025890
0 0.532903 0.538764 0.056338 0.025890
0 0.533673 0.538184 0.056338 0.025890
0 0.533733 0.537721 0.056338 0.025890
0 0.537635 0.537832 0.056338 0.025890
0 0.540802 0.539752 0.056338 0.025890
0 0.540983 0.539220 0.056338 0.025890
0 0.541453 0.538550 0.056338 0.025890
0 0.541019 0.538564 0.056338 0.025890
0 0.541115 0.538239 0.056338 0.025890
0 0.547582 0.541568 0.056338 0.025890
0 0.546246 0.541602 0.056338 0.025890
0 0.545583 0.540187 0.056338 0.025890
0 0.544162 0.540339 0.056338 0.025890
0 0.543873 0.539883 0.056338 0.025890
0 0.545065 0.539883 0.056338 0.025890
0 0.544415 0.539662 0.056338 0.025890
0 0.544680 0.539296 0.056338 0.025890
0 0.550749 0.543204 0.056338 0.025890
0 0.550364 0.543177 0.056338 0.025890
0 0.549485 0.543301 0.056338 0.025890
0 0.549906 0.543577 0.056338 0.025890
0 0.548160 0.543080 0.056338 0.025890
0 0.547558 0.543391 0.056338 0.025890
0 0.547679 0.543646 0.056338 0.025890
0 0.548389 0.543515 0.056338 0.025890
0 0.548702 0.544005 0.056338 0.025890
0 0.534143 0.542445 0.056338 0.025890
0 0.532842 0.545414 0.056338 0.025890
0 0.531855 0.545373 0.056338 0.025890
0 0.530928 0.545462 0.056338 0.025890
0 0.530783 0.546194 0.056338 0.025890
0 0.530458 0.545138 0.056338 0.025890
0 0.529844 0.545145 0.056338 0.025890
0 0.529507 0.544710 0.056338 0.025890
0 0.528868 0.544682 0.056338 0.025890
0 0.529025 0.545020 0.056338 0.025890
0 0.528146 0.544482 0.056338 0.025890
0 0.527893 0.544958 0.056338 0.025890
0 0.528230 0.545386 0.056338 0.025890
0 0.527784 0.545932 0.056338 0.025890
0 0.525616 0.546323 0.056338 0.025890
0 0.526040 0.546331 0.056338 0.025890
0 0.528209 0.546328 0.056338 0.025890
0 0.528715 0.546366 0.056338 0.025890
0 0.526955 0.544048 0.056338 0.025890
0 0.526065 0.544105 0.056338 0.025890
0 0.525486 0.544374 0.056338 0.025890
0 0.524784 0.543525 0.056338 0.025890
0 0.524039 0.543818 0.056338 0.025890
0 0.523827 0.544169 0.056338 0.025890
0 0.523538 0.544878 0.056338 0.025890
0 0.523092 0.544559 0.056338 0.025890
0 0.523270 0.544750 0.056338 0.025890
0 0.522335 0.544712 0.056338 0.025890
0 0.521790 0.544527 0.056338 0.025890
0 0.522380 0.544259 0.056338 0.025890
0 0.522814 0.544048 0.056338 0.025890
0 0.523282 0.543754 0.056338 0.025890
0 0.523950 0.543301 0.056338 0.025890
0 0.523504 0.543339 0.056338 0.025890
0 0.524061 0.542797 0.056338 0.025890
0 0.523304 0.542861 0.056338 0.025890
0 0.525386 0.542178 0.056338 0.025890
0 0.525987 0.541865 0.056338 0.025890
0 0.524350 0.542593 0.056338 0.025890
0 0.524662 0.542554 0.056338 0.025890
0 0.527234 0.541182 0.056338 0.025890
0 0.526710 0.541265 0.056338 0.025890
0 0.525530 0.541048 0.056338 0.025890
0 0.524829 0.541373 0.056338 0.025890
0 0.524517 0.541852 0.056338 0.025890
0 0.524039 0.541246 0.056338 0.025890
0 0.523037 0.541686 0.056338 0.025890
0 0.523471 0.542299 0.056338 0.025890
0 0.522213 0.541769 0.056338 0.025890
0 0.521567 0.542331 0.056338 0.025890
0 0.521601 0.542771 0.056338 0.025890
0 0.520966 0.543078 0.056338 0.025890
0 0.521590 0.544054 0.056338 0.025890
0 0.520910 0.544329 0.056338 0.025890
0 0.520231 0.544310 0.056338 0.025890
0 0.520465 0.544559 0.056338 0.025890
0 0.519742 0.544495 0.056338 0.025890
0 0.519352 0.544393 0.056338 0.025890
0 0.518706 0.543920 0.056338 0.025890
0 0.518884 0.543416 0.056338 0.025890
0 0.520064 0.543518 0.056338 0.025890
0 0.519864 0.543186 0.056338 0.025890
0 0.520187 0.542982 0.056338 0.025890
0 0.519419 0.542918 0.056338 0.025890
0 0.518395 0.543659 0.056338 0.025890
0 0.517916 0.543193 0.056338 0.025890
0 0.517237 0.543505 0.056338 0.025890
0 0.517092 0.543818 0.056338 0.025890
0 0.517760 0.544022 0.056338 0.025890
0 0.529059 0.539707 0.056338 0.025890
0 0.524818 0.539292 0.056338 0.025890
0 0.524528 0.537569 0.056338 0.025890
0 0.524150 0.537415 0.056338 0.025890
0 0.521545 0.537798 0.056338 0.025890
0 0.521901 0.538009 0.056338 0.025890
0 0.522001 0.538277 0.056338 0.025890
0 0.521912 0.538641 0.056338 0.025890
0 0.520944 0.539139 0.056338 0.025890
0 0.522836 0.538794 0.056338 0.025890
0 0.523014 0.540748 0.056338 0.025890
0 0.523649 0.540754 0.056338 0.025890
0 0.523571 0.540511 0.056338 0.025890
0 0.522970 0.539841 0.056338 0.025890
0 0.521690 0.540492 0.056338 0.025890
0 0.522013 0.540626 0.056338 0.025890
0 0.522280 0.540709 0.056338 0.025890
0 0.521690 0.540926 0.056338 0.025890
0 0.521300 0.540946 0.056338 0.025890
0 0.520298 0.540103 0.056338 0.025890
0 0.521089 0.540467 0.056338 0.025890
0 0.519998 0.541731 0.056338 0.025890
0 0.520087 0.541424 0.056338 0.025890
0 0.520721 0.541488 0.056338 0.025890
0 0.521423 0.541629 0.056338 0.025890
0 0.521734 0.541935 0.056338 0.025890
0 0.520120 0.542356 0.056338 0.025890
0 0.520621 0.542171 0.056338 0.025890
0 0.519819 0.542050 0.056338 0.025890
0 0.519530 0.542305 0.056338 0.025890
0 0.518472 0.541858 0.056338 0.025890
0 0.517905 0.541929 0.056338 0.025890
0 0.517059 0.541718 0.056338 0.025890
0 0.516625 0.541629 0.056338 0.025890
0 0.515957 0.541565 0.056338 0.025890
0 0.515745 0.541233 0.056338 0.025890
0 0.516380 0.540926 0.056338 0.025890
0 0.514821 0.541724 0.056338 0.025890
0 0.514465 0.542235 0.056338 0.025890
0 0.514231 0.541175 0.056338 0.025890
0 0.513485 0.541724 0.056338 0.025890
0 0.515667 0.541897 0.056338 0.025890
0 0.516636 0.542433 0.056338 0.025890
0 0.517782 0.542580 0.056338 0.025890
0 0.517292 0.542599 0.056338 0.025890
0 0.516981 0.542861 0.056338 0.025890
0 0.516625 0.542988 0.056338 0.025890
0 0.516636 0.543384 0.056338 0.025890
0 0.516958 0.543607 0.056338 0.025890
0 0.516780 0.544112 0.056338 0.025890
0 0.516124 0.544412 0.056338 0.025890
0 0.515578 0.544361 0.056338 0.025890
0 0.515522 0.544942 0.056338 0.025890
0 0.515144 0.545057 0.056338 0.025890
0 0.514877 0.544910 0.056338 0.025890
0 0.514276 0.544980 0.056338 0.025890
0 0.513775 0.545242 0.056338 0.025890
0 0.512739 0.545554 0.056338 0.025890
0 0.512628 0.545925 0.056338 0.025890
0 0.512194 0.545797 0.056338 0.025890
0 0.511771 0.545874 0.056338 0.025890
0 0.511415 0.545893 0.056338 0.025890
0 0.510468 0.545727 0.056338 0.025890
0 0.509255 0.545963 0.056338 0.025890
0 0.506071 0.545574 0.056338 0.025890
0 0.512238 0.545293 0.056338 0.025890
0 0.512561 0.545018 0.056338 0.025890
0 0.512739 0.544654 0.056338 0.025890
0 0.512517 0.543997 0.056338 0.025890
0 0.512105 0.544061 0.056338 0.025890
0 0.512216 0.543595 0.056338 0.025890
0 0.512728 0.542899 0.056338 0.025890
0 0.512528 0.541686 0.056338 0.025890
0 0.511682 0.541852 0.056338 0.025890
0 0.512016 0.541067 0.056338 0.025890
0 0.511949 0.541367 0.056338 0.025890
0 0.511159 0.540977 0.056338 0.025890
0 0.513084 0.539184 0.056338 0.025890
0 0.512494 0.539101 0.056338 0.025890
0 0.513853 0.537435 0.056338 0.025890
0 0.511448 0.537384 0.056338 0.025890
0 0.512917 0.537505 0.056338 0.025890
0 0.513674 0.538188 0.056338 0.025890
0 0.512706 0.538335 0.056338 0.025890
0 0.513686 0.539062 0.056338 0.025890
0 0.514688 0.538501 0.056338 0.025890
0 0.514777 0.544291 0.056338 0.025890
0 0.515411 0.543825 0.056338 0.025890
0 0.514598 0.543882 0.056338 0.025890
0 0.513797 0.543933 0.056338 0.025890
0 0.514877 0.543416 0.056338 0.025890
0 0.515300 0.543365 0.056338 0.025890
0 0.515289 0.543046 0.056338 0.025890
0 0.514454 0.542816 0.056338 0.025890
0 0.514565 0.542988 0.056338 0.025890
0 0.514097 0.543263 0.056338 0.025890
0 0.515155 0.542644 0.056338 0.025890
0 0.516057 0.543001 0.056338 0.025890
0 0.509300 0.543659 0.056338 0.025890
0 0.507318 0.542331 0.056338 0.025890
0 0.505114 0.542127 0.056338 0.025890
0 0.505581 0.542280 0.056338 0.025890
0 0.505247 0.541782 0.056338 0.025890
0 0.506327 0.541405 0.056338 0.025890
0 0.506027 0.541246 0.056338 0.025890
0 0.506628 0.540831 0.056338 0.025890
0 0.505559 0.540499 0.056338 0.025890
0 0.505225 0.540397 0.056338 0.025890
0 0.504969 0.539988 0.056338 0.025890
0 0.505938 0.539797 0.056338 0.025890
0 0.506839 0.539477 0.056338 0.025890
0 0.505670 0.538890 0.056338 0.025890
0 0.505682 0.539318 0.056338 0.025890
0 0.502865 0.539688 0.056338 0.025890
0 0.503132 0.539982 0.056338 0.025890
0 0.503789 0.540275 0.056338 0.025890
0 0.504090 0.540652 0.056338 0.025890
0 0.504212 0.540843 0.056338 0.025890
0 0.508164 0.542644 0.056338 0.025890
0 0.506027 0.543250 0.056338 0.025890
0 0.505025 0.542810 0.056338 0.025890
0 0.504646 0.542529 0.056338 0.025890
0 0.496954 0.540671 0.056338 0.025890
0 0.510528 0.536756 0.056338 0.025890
0 0.503685 0.535172 0.056338 0.025890
0 0.504583 0.535711 0.056338 0.025890
0 0.505045 0.535484 0.056338 0.025890
0 0.503086 0.533682 0.056338 0.025890
0 0.512474 0.533487 0.056338 0.025890
0 0.509916 0.532785 0.056338 0.025890
0 0.528719 0.536663 0.056338 0.025890
0 0.527363 0.538051 0.056338 0.025890
0 0.524739 0.533966 0.056338 0.025890
0 0.523074 0.535077 0.056338 0.025890
0 0.533028 0.530016 0.056338 0.025890
0 0.513544 0.526641 0.056338 0.025890
0 0.503009 0.538780 0.056338 0.025890
0 0.504101 0.541435 0.056338 0.025890
0 0.508073 0.542993 0.056338 0.025890
0 0.508287 0.545904 0.056338 0.025890
0 0.507891 0.545677 0.056338 0.025890
0 0.497852 0.542350 0.056338 0.025890
0 0.494225 0.540261 0.056338 0.025890
0 0.487008 0.540303 0.056338 0.025890
0 0.486648 0.540186 0.056338 0.025890
0 0.485197 0.539732 0.056338 0.025890
0 0.484250 0.539526 0.056338 0.025890
0 0.486240 0.533213 0.056338 0.025890
0 0.495175 0.532250 0.056338 0.025890
0 0.513943 0.528289 0.056338 0.025890
0 0.512240 0.525937 0.056338 0.025890
0 0.513116 0.525517 0.056338 0.025890
0 0.506880 0.526693 0.056338 0.025890
0 0.504205 0.526824 0.056338 0.025890
0 0.547259 0.528234 0.056338 0.025890
0 0.547774 0.528413 0.056338 0.025890
0 0.548830 0.527924 0.056338 0.025890
0 0.551120 0.532436 0.056338 0.025890
0 0.545928 0.533783 0.056338 0.025890
0 0.552404 0.534898 0.056338 0.025890
0 0.552811 0.535001 0.056338 0.025890
0 0.552559 0.535379 0.056338 0.025890
0 0.551408 0.535324 0.056338 0.025890
0 0.550988 0.535523 0.056338 0.025890
0 0.550329 0.535393 0.056338 0.025890
0 0.550101 0.535131 0.056338 0.025890
0 0.550161 0.534719 0.056338 0.025890
0 0.549429 0.534966 0.056338 0.025890
0 0.548302 0.535331 0.056338 0.025890
0 0.548794 0.535351 0.056338 0.025890
0 0.554095 0.537380 0.056338 0.025890
0 0.552799 0.537421 0.056338 0.025890
0 0.552344 0.537167 0.056338 0.025890
0 0.552775 0.536926 0.056338 0.025890
0 0.553099 0.536610 0.056338 0.025890
0 0.553315 0.537174 0.056338 0.025890
0 0.551936 0.536610 0.056338 0.025890
0 0.551204 0.536514 0.056338 0.025890
0 0.550449 0.536514 0.056338 0.025890
0 0.549657 0.536294 0.056338 0.025890
0 0.550329 0.536122 0.056338 0.025890
0 0.550677 0.535902 0.056338 0.025890
0 0.551816 0.535963 0.056338 0.025890
0 0.552715 0.535860 0.056338 0.025890
0 0.551528 0.535516 0.056338 0.025890
0 0.550653 0.537043 0.056338 0.025890
0 0.549393 0.536892 0.056338 0.025890
0 0.548878 0.536624 0.056338 0.025890
0 0.548386 0.536761 0.056338 0.025890
0 0.547403 0.536397 0.056338 0.025890
0 0.545604 0.536713 0.056338 0.025890
0 0.546587 0.536576 0.056338 0.025890
0 0.546659 0.536294 0.056338 0.025890
0 0.544800 0.536514 0.056338 0.025890
0 0.545556 0.536232 0.056338 0.025890
0 0.544968 0.536789 0.056338 0.025890
0 0.544764 0.536968 0.056338 0.025890
0 0.548662 0.537215 0.056338 0.025890
0 0.548806 0.537387 0.056338 0.025890
0 0.548746 0.537745 0.056338 0.025890
0 0.549729 0.537999 0.056338 0.025890
0 0.550521 0.537875 0.056338 0.025890
0 0.550341 0.537580 0.056338 0.025890
0 0.550701 0.538137 0.056338 0.025890
0 0.551120 0.538735 0.056338 0.025890
0 0.551576 0.538921 0.056338 0.025890
0 0.552200 0.538645 0.056338 0.025890
0 0.551288 0.539677 0.056338 0.025890
0 0.550928 0.539230 0.056338 0.025890
0 0.550065 0.539086 0.056338 0.025890
0 0.549765 0.538749 0.056338 0.025890
0 0.551660 0.540399 0.056338 0.025890
0 0.551528 0.540014 0.056338 0.025890
0 0.547954 0.536906 0.056338 0.025890
0 0.547834 0.536706 0.056338 0.025890
0 0.551240 0.537339 0.056338 0.025890
0 0.552020 0.537449 0.056338 0.025890
0 0.547235 0.541747 0.056338 0.025890
0 0.543733 0.539402 0.056338 0.025890
0 0.542630 0.539319 0.056338 0.025890
0 0.543085 0.539299 0.056338 0.025890
0 0.542618 0.540069 0.056338 0.025890
0 0.540747 0.540530 0.056338 0.025890
0 0.544369 0.535468 0.056338 0.025890
0 0.544512 0.535241 0.056338 0.025890
0 0.544584 0.535001 0.056338 0.025890
0 0.545316 0.536080 0.056338 0.025890
0 0.544608 0.534155 0.056338 0.025890
0 0.551059 0.533885 0.056338 0.025890
0 0.551201 0.533054 0.056338 0.025890
0 0.533973 0.545921 0.056338 0.025890
0 0.533478 0.546034 0.056338 0.025890
0 0.522157 0.535890 0.056338 0.025890
0 0.522636 0.535710 0.056338 0.025890
0 0.523477 0.535417 0.056338 0.025890
0 0.520342 0.535341 0.056338 0.025890
0 0.502471 0.527602 0.056338 0.025890
0 0.506607 0.527685 0.056338 0.025890
0 0.363471 0.525004 0.056338 0.025890
0 0.362212 0.526516 0.056338 0.025890
0 0.363452 0.525427 0.056338 0.025890
0 0.363839 0.525271 0.056338 0.025890
0 0.360933 0.524538 0.056338 0.025890
0 0.360293 0.525327 0.056338 0.025890
0 0.361650 0.526149 0.056338 0.025890
0 0.360371 0.526338 0.056338 0.025890
0 0.359945 0.526538 0.056338 0.025890
0 0.359731 0.526916 0.056338 0.025890
0 0.359809 0.527238 0.056338 0.025890
0 0.358704 0.527282 0.056338 0.025890
0 0.359615 0.527938 0.056338 0.025890
0 0.358259 0.528482 0.056338 0.025890
0 0.358278 0.528727 0.056338 0.025890
0 0.358530 0.529360 0.056338 0.025890
0 0.354538 0.527938 0.056338 0.025890
0 0.356127 0.528638 0.056338 0.025890
0 0.358356 0.528004 0.056338 0.025890
0 0.357019 0.527393 0.056338 0.025890
0 0.356418 0.527149 0.056338 0.025890
0 0.357426 0.527571 0.056338 0.025890
0 0.355410 0.526593 0.056338 0.025890
0 0.357329 0.525893 0.056338 0.025890
0 0.356980 0.525538 0.056338 0.025890
0 0.350411 0.526271 0.056338 0.025890
0 0.354480 0.531649 0.056338 0.025890
0 0.362109 0.523631 0.056338 0.025890
0 0.362447 0.523929 0.056338 0.025890
0 0.363486 0.524162 0.056338 0.025890
0 0.361499 0.525249 0.056338 0.025890
0 0.359377 0.522712 0.056338 0.025890
0 0.357300 0.521935 0.056338 0.025890
0 0.380478 0.525732 0.056338 0.025890
0 0.361991 0.527526 0.056338 0.025890
0 0.388910 0.528163 0.056338 0.025890
0 0.485280 0.530403 0.056338 0.025890
0 0.506240 0.527234 0.056338 0.025890
0 0.513815 0.527672 0.056338 0.025890
0 0.490377 0.532561 0.056338 0.025890
0 0.526248 0.532534 0.056338 0.025890
0 0.504070 0.534036 0.056338 0.025890
0 0.493712 0.534391 0.056338 0.025890
0 0.500429 0.535266 0.056338 0.025890
0 0.521913 0.537505 0.056338 0.025890
0 0.514053 0.537997 0.056338 0.025890
0 0.526296 0.539882 0.056338 0.025890
0 0.524343 0.540401 0.056338 0.025890
0 0.495570 0.541767 0.056338 0.025890
0 0.523199 0.541958 0.056338 0.025890
0 0.522247 0.543761 0.056338 0.025890
0 0.360506 0.529492 0.056338 0.025890
0 0.357042 0.529888 0.056338 0.025890
0 0.368031 0.533923 0.056338 0.025890
0 0.369429 0.518545 0.056338 0.025890
0 0.368550 0.517465 0.056338 0.025890
0 0.369627 0.519025 0.056338 0.025890
0 0.369251 0.518959 0.056338 0.025890
0 0.388618 0.519978 0.056338 0.025890
0 0.371833 0.522971 0.056338 0.025890
0 0.372770 0.522971 0.056338 0.025890
0 0.371906 0.522210 0.056338 0.025890
0 0.372344 0.521861 0.056338 0.025890
0 0.368859 0.524063 0.056338 0.025890
0 0.371234 0.523868 0.056338 0.025890
0 0.376134 0.529904 0.056338 0.025890
0 0.376421 0.528985 0.056338 0.025890
0 0.376111 0.531523 0.056338 0.025890
0 0.379940 0.531144 0.056338 0.025890
0 0.373210 0.528030 0.056338 0.025890
0 0.360028 0.528884 0.056338 0.025890
0 0.358483 0.525720 0.056338 0.025890
0 0.348536 0.528169 0.056338 0.025890
0 0.347902 0.528544 0.056338 0.025890
0 0.502823 0.535440 0.056338 0.025890
0 0.503015 0.534668 0.056338 0.025890
0 0.504617 0.534971 0.056338 0.025890
0 0.489122 0.536687 0.056338 0.025890
0 0.506029 0.540103 0.056338 0.025890
0 0.505465 0.540096 0.056338 0.025890
0 0.502323 0.538520 0.056338 0.025890
0 0.500365 0.539286 0.056338 0.025890
0 0.497810 0.542635 0.056338 0.025890
0 0.510888 0.544087 0.056338 0.025890
0 0.516350 0.544641 0.056338 0.025890
0 0.512630 0.540347 0.056338 0.025890
0 0.512440 0.540047 0.056338 0.025890
0 0.511759 0.540538 0.056338 0.025890
0 0.525803 0.544859 0.056338 0.025890
0 0.518472 0.541273 0.056338 0.025890
0 0.518773 0.540737 0.056338 0.025890
0 0.521734 0.539630 0.056338 0.025890
0 0.527212 0.540801 0.056338 0.025890
0 0.526008 0.540883 0.056338 0.025890
0 0.525993 0.538894 0.056338 0.025890
0 0.527402 0.539739 0.056338 0.025890
0 0.530802 0.539839 0.056338 0.025890
0 0.505034 0.526863 0.056338 0.025890
0 0.499255 0.528773 0.056338 0.025890
0 0.512155 0.537555 0.056338 0.025890
0 0.371545 0.534326 0.056338 0.025890
0 0.371864 0.533802 0.056338 0.025890
0 0.371269 0.533685 0.056338 0.025890
0 0.364034 0.533311 0.056338 0.025890
0 0.361323 0.532463 0.056338 0.025890
0 0.365774 0.534118 0.056338 0.025890
0 0.357336 0.530560 0.056338 0.025890
0 0.356133 0.532314 0.056338 0.025890
0 0.356959 0.522304 0.056338 0.025890
0 0.367558 0.523385 0.056338 0.025890
0 0.354466 0.520591 0.056338 0.025890
0 0.367601 0.512203 0.056338 0.025890
0 0.363440 0.514556 0.056338 0.025890
0 0.374575 0.515479 0.056338 0.025890
0 0.374328 0.524765 0.056338 0.025890
0 0.373241 0.526951 0.056338 0.025890
0 0.370428 0.526611 0.056338 0.025890
0 0.371777 0.527849 0.056338 0.025890
0 0.376488 0.528681 0.056338 0.025890
0 0.369500 0.533910 0.056338 0.025890
0 0.508016 0.543367 0.056338 0.025890
0 0.504578 0.539169 0.056338 0.025890
0 0.502489 0.539028 0.056338 0.025890
0 0.500498 0.538226 0.056338 0.025890
0 0.491532 0.536009 0.056338 0.025890
0 0.490315 0.536594 0.056338 0.025890
0 0.510040 0.536273 0.056338 0.025890
0 0.509431 0.536830 0.056338 0.025890
0 0.507572 0.536122 0.056338 0.025890
0 0.506635 0.535792 0.056338 0.025890
0 0.506964 0.536697 0.056338 0.025890
0 0.501452 0.532075 0.056338 0.025890
0 0.496402 0.531886 0.056338 0.025890
0 0.497553 0.530943 0.056338 0.025890
0 0.495727 0.535886 0.056338 0.025890
0 0.486235 0.529858 0.056338 0.025890
0 0.507194 0.525830 0.056338 0.025890
0 0.512228 0.525377 0.056338 0.025890
0 0.518167 0.535047 0.056338 0.025890
0 0.526491 0.537745 0.056338 0.025890
0 0.514400 0.541660 0.056338 0.025890
0 0.532332 0.545801 0.056338 0.025890
0 0.530407 0.546056 0.056338 0.025890
0 0.533927 0.536839 0.056338 0.025890
0 0.541051 0.537584 0.056338 0.025890
0 0.539290 0.537622 0.056338 0.025890
0 0.521550 0.527415 0.056338 0.025890
0 0.503923 0.527659 0.056338 0.025890
0 0.347613 0.530400 0.056338 0.025890
0 0.349869 0.529749 0.056338 0.025890
0 0.349309 0.529107 0.056338 0.025890
0 0.353540 0.528982 0.056338 0.025890
0 0.352762 0.529053 0.056338 0.025890
0 0.353680 0.529455 0.056338 0.025890
0 0.354893 0.530133 0.056338 0.025890
0 0.355998 0.529981 0.056338 0.025890
0 0.362656 0.525672 0.056338 0.025890
0 0.360618 0.526618 0.056338 0.025890
0 0.360774 0.523888 0.056338 0.025890
0 0.346586 0.525012 0.056338 0.025890
0 0.358611 0.524183 0.056338 0.025890
0 0.375739 0.514941 0.056338 0.025890
0 0.370139 0.520935 0.056338 0.025890
0 0.368225 0.524932 0.056338 0.025890
0 0.372037 0.523817 0.056338 0.025890
0 0.370232 0.526877 0.056338 0.025890
0 0.372021 0.528545 0.056338 0.025890
0 0.365067 0.533041 0.056338 0.025890
0 0.389009 0.529035 0.056338 0.025890
0 0.388527 0.528179 0.056338 0.025890
0 0.386847 0.523861 0.056338 0.025890
0 0.488646 0.541152 0.056338 0.025890
0 0.496415 0.540878 0.056338 0.025890
0 0.496725 0.541756 0.056338 0.025890
0 0.498677 0.542691 0.056338 0.025890
0 0.501389 0.544503 0.056338 0.025890
0 0.498186 0.540056 0.056338 0.025890
0 0.498972 0.539742 0.056338 0.025890
0 0.499492 0.538566 0.056338 0.025890
0 0.491414 0.537809 0.056338 0.025890
0 0.485879 0.534014 0.056338 0.025890
0 0.483926 0.535545 0.056338 0.025890
0 0.499633 0.526796 0.056338 0.025890
0 0.508511 0.526240 0.056338 0.025890
0 0.511209 0.526103 0.056338 0.025890
0 0.511504 0.526418 0.056338 0.025890
0 0.514665 0.528528 0.056338 0.025890
0 0.526508 0.546139 0.056338 0.025890
0 0.534305 0.539645 0.056338 0.025890
0 0.530793 0.534288 0.056338 0.025890
0 0.533055 0.534707 0.056338 0.025890
0 0.534713 0.534490 0.056338 0.025890
0 0.536567 0.534570 0.056338 0.025890
0 0.537593 0.535352 0.056338 0.025890
0 0.521043 0.528923 0.056338 0.025890
0 0.536047 0.526885 0.056338 0.025890
0 0.532675 0.531791 0.056338 0.025890
0 0.535232 0.533064 0.056338 0.025890
0 0.531790 0.532669 0.056338 0.025890
0 0.531369 0.533023 0.056338 0.025890
0 0.544308 0.537124 0.056338 0.025890
0 0.534713 0.539235 0.056338 0.025890
0 0.538548 0.540250 0.056338 0.025890
0 0.541540 0.540282 0.056338 0.025890
0 0.542271 0.540749 0.056338 0.025890
0 0.544898 0.540362 0.056338 0.025890
0 0.544940 0.541587 0.056338 0.025890
0 0.547328 0.542505 0.056338 0.025890
0 0.553959 0.538332 0.056338 0.025890
0 0.549927 0.537019 0.056338 0.025890
0 0.549998 0.536721 0.056338 0.025890
0 0.552358 0.536286 0.056338 0.025890
0 0.551810 0.535336 0.056338 0.025890
0 0.549141 0.535867 0.056338 0.025890
0 0.549534 0.535392 0.056338 0.025890
0 0.544968 0.535714 0.056338 0.025890
0 0.546752 0.533088 0.056338 0.025890
0 0.529135 0.529551 0.056338 0.025890
0 0.531847 0.533765 0.056338 0.025890
0 0.533139 0.535464 0.056338 0.025890
0 0.540725 0.535481 0.056338 0.025890
0 0.527112 0.544423 0.056338 0.025890
0 0.531687 0.546202 0.056338 0.025890
0 0.534683 0.546182 0.056338 0.025890
0 0.517735 0.544476 0.056338 0.025890
0 0.519422 0.542635 0.056338 0.025890
0 0.523712 0.541344 0.056338 0.025890
0 0.525114 0.541925 0.056338 0.025890
0 0.532173 0.540357 0.056338 0.025890
0 0.500167 0.531383 0.056338 0.025890
0 0.498729 0.531140 0.056338 0.025890
0 0.497492 0.531606 0.056338 0.025890
0 0.504268 0.533438 0.056338 0.025890
0 0.504786 0.534620 0.056338 0.025890
0 0.493721 0.539844 0.056338 0.025890
0 0.492825 0.532890 0.056338 0.025890
0 0.489219 0.532654 0.056338 0.025890
0 0.488936 0.528680 0.056338 0.025890
0 0.484352 0.530187 0.056338 0.025890
0 0.483527 0.529126 0.056338 0.025890
0 0.503513 0.526079 0.056338 0.025890
0 0.501145 0.527227 0.056338 0.025890
0 0.484109 0.524288 0.056338 0.025890
0 0.488807 0.523336 0.056338 0.025890
0 0.499807 0.525701 0.056338 0.025890
0 0.502901 0.524946 0.056338 0.025890
0 0.506224 0.523106 0.056338 0.025890
0 0.516250 0.522219 0.056338 0.025890
0 0.534640 0.523927 0.056338 0.025890
0 0.548734 0.527114 0.056338 0.025890
0 0.550281 0.530957 0.056338 0.025890
0 0.554635 0.537397 0.056338 0.025890
0 0.551827 0.542653 0.056338 0.025890
0 0.547989 0.544854 0.056338 0.025890
0 0.539854 0.546529 0.056338 0.025890
0 0.507942 0.546135 0.056338 0.025890
0 0.489036 0.542883 0.056338 0.025890
0 0.483250 0.539663 0.056338 0.025890
0 0.481818 0.530695 0.056338 0.025890
0 0.343779 0.514971 0.056338 0.025890
0 0.346460 0.513568 0.056338 0.025890
0 0.359299 0.509685 0.056338 0.025890
0 0.377875 0.510521 0.056338 0.025890
0 0.387469 0.514755 0.056338 0.025890
0 0.392501 0.520850 0.056338 0.025890
0 0.391984 0.525650 0.056338 0.025890
0 0.390338 0.528697 0.056338 0.025890
0 0.387328 0.531205 0.056338 0.025890
0 0.382296 0.532742 0.056338 0.025890
0 0.368845 0.535439 0.056338 0.025890
0 0.359252 0.534333 0.056338 0.025890
0 0.351069 0.532122 0.056338 0.025890
0 0.345849 0.529803 0.056338 0.025890
0 0.344250 0.527834 0.056338 0.025890
0 0.343215 0.524032 0.056338 0.025890
0 0.342321 0.519043 0.056338 0.025890
0 0.391083 0.521050 0.056338 0.025890
0 0.374798 0.525869 0.056338 0.025890
0 0.367540 0.531571 0.056338 0.025890
0 0.358562 0.523473 0.056338 0.025890
0 0.350518 0.529122 0.056338 0.025890
0 0.353399 0.529630 0.056338 0.025890
0 0.352069 0.529249 0.056338 0.025890
0 0.531033 0.546074 0.056338 0.025890
0 0.530075 0.545822 0.056338 0.025890
0 0.522662 0.542314 0.056338 0.025890
0 0.522277 0.542895 0.056338 0.025890
0 0.497366 0.543244 0.056338 0.025890
0 0.507155 0.528419 0.056338 0.025890
0 0.520996 0.531132 0.056338 0.025890
0 0.539896 0.528345 0.056338 0.025890
0 0.540906 0.529437 0.056338 0.025890
0 0.546146 0.527874 0.056338 0.025890
0 0.516805 0.542024 0.056338 0.025890
0 0.532893 0.535143 0.056338 0.025890
0 0.513352 0.543192 0.056338 0.025890