0 0.247046 0.154147 0.091954 0.048048
0 0.237281 0.154939 0.091954 0.048048
0 0.238281 0.154993 0.091954 0.048048
0 0.241473 0.155212 0.091954 0.048048
0 0.239710 0.155349 0.091954 0.048048
0 0.234613 0.155403 0.091954 0.048048
0 0.237090 0.155977 0.091954 0.048048
0 0.256098 0.156742 0.091954 0.048048
0 0.243283 0.156960 0.091954 0.048048
0 0.248333 0.157097 0.091954 0.048048
0 0.252620 0.157097 0.091954 0.048048
0 0.255669 0.157151 0.091954 0.048048
0 0.228325 0.157288 0.091954 0.048048
0 0.228373 0.157507 0.091954 0.048048
0 0.258051 0.157616 0.091954 0.048048
0 0.233708 0.157752 0.091954 0.048048
0 0.254287 0.157807 0.091954 0.048048
0 0.240330 0.157807 0.091954 0.048048
0 0.249095 0.157807 0.091954 0.048048
0 0.229230 0.158299 0.091954 0.048048
0 0.226038 0.158299 0.091954 0.048048
0 0.248857 0.158435 0.091954 0.048048
0 0.228944 0.158797 0.091954 0.048048
0 0.240330 0.158900 0.091954 0.048048
0 0.258337 0.158927 0.091954 0.048048
0 0.229183 0.158954 0.091954 0.048048
0 0.232755 0.159009 0.091954 0.048048
0 0.248904 0.159166 0.091954 0.048048
0 0.257193 0.159009 0.091954 0.048048
0 0.239794 0.159077 0.091954 0.048048
0 0.259956 0.159282 0.091954 0.048048
0 0.226562 0.159446 0.091954 0.048048
0 0.236185 0.159419 0.091954 0.048048
0 0.249047 0.159494 0.091954 0.048048
0 0.248023 0.159507 0.091954 0.048048
0 0.253525 0.159501 0.091954 0.048048
0 0.247975 0.159787 0.091954 0.048048
0 0.261528 0.159692 0.091954 0.048048
0 0.260147 0.159856 0.091954 0.048048
0 0.261004 0.159856 0.091954 0.048048
0 0.227325 0.159965 0.091954 0.048048
0 0.230326 0.160074 0.091954 0.048048
0 0.262243 0.160156 0.091954 0.048048
0 0.232327 0.160266 0.091954 0.048048
0 0.236471 0.160402 0.091954 0.048048
0 0.255574 0.160484 0.091954 0.048048
0 0.254335 0.160539 0.091954 0.048048
0 0.265847 0.160548 0.091954 0.048048
0 0.237900 0.160621 0.091954 0.048048
0 0.248809 0.160703 0.091954 0.048048
0 0.261481 0.160703 0.091954 0.048048
0 0.265958 0.160785 0.091954 0.048048
0 0.243914 0.160887 0.091954 0.048048
0 0.263815 0.161003 0.091954 0.048048
0 0.237233 0.161112 0.091954 0.048048
0 0.251489 0.161167 0.091954 0.048048
0 0.246141 0.161413 0.091954 0.048048
0 0.238805 0.161467 0.091954 0.048048
0 0.242426 0.161467 0.091954 0.048048
0 0.251858 0.161549 0.091954 0.048048
0 0.232612 0.161686 0.091954 0.048048
0 0.267864 0.161768 0.091954 0.048048
0 0.264005 0.161877 0.091954 0.048048
0 0.267292 0.161850 0.091954 0.048048
0 0.246761 0.161959 0.091954 0.048048
0 0.261814 0.161959 0.091954 0.048048
0 0.226848 0.161986 0.091954 0.048048
0 0.236090 0.162014 0.091954 0.048048
0 0.251429 0.162041 0.091954 0.048048
0 0.264672 0.162041 0.091954 0.048048
0 0.255133 0.162178 0.091954 0.048048
0 0.265006 0.162205 0.091954 0.048048
0 0.260671 0.162287 0.091954 0.048048
0 0.267197 0.162260 0.091954 0.048048
0 0.262147 0.162424 0.091954 0.048048
0 0.249667 0.162478 0.091954 0.048048
0 0.269912 0.162642 0.091954 0.048048
0 0.265339 0.163052 0.091954 0.048048
0 0.268436 0.162997 0.091954 0.048048
0 0.238948 0.163106 0.091954 0.048048
0 0.256907 0.163079 0.091954 0.048048
0 0.237900 0.163134 0.091954 0.048048
0 0.241330 0.163270 0.091954 0.048048
0 0.267006 0.163270 0.091954 0.048048
0 0.261433 0.163380 0.091954 0.048048
0 0.253716 0.163489 0.091954 0.048048
0 0.265482 0.163489 0.091954 0.048048
0 0.221942 0.163653 0.091954 0.048048
0 0.253096 0.163707 0.091954 0.048048
0 0.249190 0.164172 0.091954 0.048048
0 0.233660 0.164199 0.091954 0.048048
0 0.250048 0.164226 0.091954 0.048048
0 0.265863 0.164226 0.091954 0.048048
0 0.223359 0.164438 0.091954 0.048048
0 0.265196 0.164363 0.091954 0.048048
0 0.242902 0.164554 0.091954 0.048048
0 0.249619 0.164554 0.091954 0.048048
0 0.254811 0.164527 0.091954 0.048048
0 0.257336 0.164773 0.091954 0.048048
0 0.265387 0.164745 0.091954 0.048048
0 0.234661 0.164827 0.091954 0.048048
0 0.264386 0.164827 0.091954 0.048048
0 0.242283 0.164909 0.091954 0.048048
0 0.266721 0.165319 0.091954 0.048048
0 0.264339 0.165401 0.091954 0.048048
0 0.258051 0.165544 0.091954 0.048048
0 0.262147 0.165701 0.091954 0.048048
0 0.264101 0.165756 0.091954 0.048048
0 0.264720 0.165865 0.091954 0.048048
0 0.249428 0.165920 0.091954 0.048048
0 0.251334 0.165947 0.091954 0.048048
0 0.232708 0.166002 0.091954 0.048048
0 0.227420 0.166248 0.091954 0.048048
0 0.266435 0.166494 0.091954 0.048048
0 0.245998 0.166630 0.091954 0.048048
0 0.255907 0.166767 0.091954 0.048048
0 0.263672 0.166876 0.091954 0.048048
0 0.248523 0.166958 0.091954 0.048048
0 0.243883 0.167013 0.091954 0.048048
0 0.265720 0.167067 0.091954 0.048048
0 0.270103 0.167204 0.091954 0.048048
0 0.234423 0.167518 0.091954 0.048048
0 0.243426 0.167422 0.091954 0.048048
0 0.246951 0.167395 0.091954 0.048048
0 0.268388 0.167395 0.091954 0.048048
0 0.230231 0.167504 0.091954 0.048048
0 0.247761 0.167504 0.091954 0.048048
0 0.225705 0.167641 0.091954 0.048048
0 0.239663 0.167778 0.091954 0.048048
0 0.268531 0.167778 0.091954 0.048048
0 0.235423 0.167859 0.091954 0.048048
0 0.239734 0.167993 0.091954 0.048048
0 0.240758 0.167859 0.091954 0.048048
0 0.256860 0.167891 0.091954 0.048048
0 0.257669 0.168037 0.091954 0.048048
0 0.243283 0.168023 0.091954 0.048048
0 0.266721 0.168105 0.091954 0.048048
0 0.244474 0.168187 0.091954 0.048048
0 0.246094 0.168488 0.091954 0.048048
0 0.266482 0.168515 0.091954 0.048048
0 0.225324 0.168542 0.091954 0.048048
0 0.240949 0.168734 0.091954 0.048048
0 0.254716 0.168816 0.091954 0.048048
0 0.265292 0.168788 0.091954 0.048048
0 0.225372 0.168952 0.091954 0.048048
0 0.254002 0.169007 0.091954 0.048048
0 0.225038 0.169280 0.091954 0.048048
0 0.244760 0.169253 0.091954 0.048048
0 0.246844 0.169300 0.091954 0.048048
0 0.245665 0.169362 0.091954 0.048048
0 0.259909 0.169362 0.091954 0.048048
0 0.265434 0.169417 0.091954 0.048048
0 0.255383 0.169772 0.091954 0.048048
0 0.265577 0.169799 0.091954 0.048048
0 0.266816 0.169990 0.091954 0.048048
0 0.255383 0.170236 0.091954 0.048048
0 0.259099 0.170427 0.091954 0.048048
0 0.242997 0.170728 0.091954 0.048048
0 0.258479 0.171110 0.091954 0.048048
0 0.260194 0.171137 0.091954 0.048048
0 0.245427 0.171192 0.091954 0.048048
0 0.242569 0.171247 0.091954 0.048048
0 0.237055 0.171752 0.091954 0.048048
0 0.244188 0.171902 0.091954 0.048048
0 0.240806 0.172121 0.091954 0.048048
0 0.240473 0.173350 0.091954 0.048048
0 0.610328 0.233501 0.091954 0.048048
0 0.621427 0.233528 0.091954 0.048048
0 0.606993 0.233719 0.091954 0.048048
0 0.610899 0.233801 0.091954 0.048048
0 0.603563 0.233911 0.091954 0.048048
0 0.604754 0.233938 0.091954 0.048048
0 0.617235 0.233993 0.091954 0.048048
0 0.612281 0.234075 0.091954 0.048048
0 0.603992 0.234129 0.091954 0.048048
0 0.605564 0.234238 0.091954 0.048048
0 0.610709 0.234238 0.091954 0.048048
0 0.608899 0.234402 0.091954 0.048048
0 0.617188 0.234430 0.091954 0.048048
0 0.604897 0.234539 0.091954 0.048048
0 0.601324 0.234621 0.091954 0.048048
0 0.610614 0.234730 0.091954 0.048048
0 0.602229 0.234785 0.091954 0.048048
0 0.615806 0.234785 0.091954 0.048048
0 0.604707 0.234894 0.091954 0.048048
0 0.607184 0.235113 0.091954 0.048048
0 0.604278 0.235222 0.091954 0.048048
0 0.611233 0.235276 0.091954 0.048048
0 0.603135 0.235440 0.091954 0.048048
0 0.625095 0.235609 0.091954 0.048048
0 0.611185 0.235632 0.091954 0.048048
0 0.609994 0.235741 0.091954 0.048048
0 0.616092 0.235714 0.091954 0.048048
0 0.604135 0.235823 0.091954 0.048048
0 0.605326 0.235768 0.091954 0.048048
0 0.609375 0.235795 0.091954 0.048048
0 0.617283 0.235877 0.091954 0.048048
0 0.604659 0.236014 0.091954 0.048048
0 0.609375 0.236123 0.091954 0.048048
0 0.615139 0.236096 0.091954 0.048048
0 0.617902 0.236123 0.091954 0.048048
0 0.611614 0.236233 0.091954 0.048048
0 0.606167 0.236418 0.091954 0.048048
0 0.608899 0.236342 0.091954 0.048048
0 0.626000 0.236342 0.091954 0.048048
0 0.618433 0.236475 0.091954 0.048048
0 0.605183 0.236506 0.091954 0.048048
0 0.618950 0.236478 0.091954 0.048048
0 0.617712 0.236560 0.091954 0.048048
0 0.609613 0.236588 0.091954 0.048048
0 0.620617 0.236642 0.091954 0.048048
0 0.607041 0.236670 0.091954 0.048048
0 0.611900 0.236752 0.091954 0.048048
0 0.618331 0.236806 0.091954 0.048048
0 0.605421 0.236888 0.091954 0.048048
0 0.606421 0.237134 0.091954 0.048048
0 0.613234 0.237107 0.091954 0.048048
0 0.618664 0.237161 0.091954 0.048048
0 0.610804 0.237298 0.091954 0.048048
0 0.605469 0.237352 0.091954 0.048048
0 0.607327 0.237325 0.091954 0.048048
0 0.606803 0.237516 0.091954 0.048048
0 0.608660 0.237516 0.091954 0.048048
0 0.621610 0.237671 0.091954 0.048048
0 0.624809 0.237817 0.091954 0.048048
0 0.622285 0.237762 0.091954 0.048048
0 0.608005 0.237977 0.091954 0.048048
0 0.608708 0.237926 0.091954 0.048048
0 0.623714 0.237899 0.091954 0.048048
0 0.625888 0.238024 0.091954 0.048048
0 0.604958 0.237990 0.091954 0.048048
0 0.625109 0.238067 0.091954 0.048048
0 0.614377 0.238090 0.091954 0.048048
0 0.612424 0.238145 0.091954 0.048048
0 0.609375 0.238227 0.091954 0.048048
0 0.613662 0.238254 0.091954 0.048048
0 0.604373 0.238500 0.091954 0.048048
0 0.620845 0.238678 0.091954 0.048048
0 0.603944 0.238691 0.091954 0.048048
0 0.608803 0.238773 0.091954 0.048048
0 0.609423 0.238746 0.091954 0.048048
0 0.612329 0.238773 0.091954 0.048048
0 0.607136 0.238800 0.091954 0.048048
0 0.611519 0.238773 0.091954 0.048048
0 0.613043 0.238937 0.091954 0.048048
0 0.608136 0.239073 0.091954 0.048048
0 0.610899 0.239128 0.091954 0.048048
0 0.620951 0.239101 0.091954 0.048048
0 0.607565 0.239265 0.091954 0.048048
0 0.622952 0.239237 0.091954 0.048048
0 0.606894 0.239300 0.091954 0.048048
0 0.602325 0.239429 0.091954 0.048048
0 0.613281 0.239401 0.091954 0.048048
0 0.612233 0.239538 0.091954 0.048048
0 0.609728 0.239582 0.091954 0.048048
0 0.613948 0.239866 0.091954 0.048048
0 0.622571 0.239811 0.091954 0.048048
0 0.617188 0.239893 0.091954 0.048048
0 0.615854 0.239948 0.091954 0.048048
0 0.600753 0.240084 0.091954 0.048048
0 0.601277 0.240193 0.091954 0.048048
0 0.607837 0.240256 0.091954 0.048048
0 0.615506 0.240502 0.091954 0.048048
0 0.610709 0.240603 0.091954 0.048048
0 0.613853 0.240685 0.091954 0.048048
0 0.616568 0.240712 0.091954 0.048048
0 0.617188 0.240794 0.091954 0.048048
0 0.615997 0.240794 0.091954 0.048048
0 0.623428 0.240794 0.091954 0.048048
0 0.612853 0.240931 0.091954 0.048048
0 0.610042 0.241068 0.091954 0.048048
0 0.611212 0.241049 0.091954 0.048048
0 0.600800 0.241286 0.091954 0.048048
0 0.610899 0.241477 0.091954 0.048048
0 0.613424 0.241750 0.091954 0.048048
0 0.613853 0.241832 0.091954 0.048048
0 0.607041 0.241914 0.091954 0.048048
0 0.625381 0.241914 0.091954 0.048048
0 0.603706 0.242215 0.091954 0.048048
0 0.612757 0.242461 0.091954 0.048048
0 0.615425 0.242597 0.091954 0.048048
0 0.624143 0.242652 0.091954 0.048048
0 0.606088 0.242679 0.091954 0.048048
0 0.609957 0.242910 0.091954 0.048048
0 0.621934 0.242894 0.091954 0.048048
0 0.605373 0.242898 0.091954 0.048048
0 0.615330 0.242925 0.091954 0.048048
0 0.626334 0.242952 0.091954 0.048048
0 0.618910 0.243111 0.091954 0.048048
0 0.610314 0.243261 0.091954 0.048048
0 0.620141 0.243253 0.091954 0.048048
0 0.611709 0.243280 0.091954 0.048048
0 0.616521 0.243307 0.091954 0.048048
0 0.610899 0.243471 0.091954 0.048048
0 0.609089 0.243608 0.091954 0.048048
0 0.606564 0.243635 0.091954 0.048048
0 0.605945 0.243854 0.091954 0.048048
0 0.617902 0.243826 0.091954 0.048048
0 0.606898 0.243908 0.091954 0.048048
0 0.608304 0.244364 0.091954 0.048048
0 0.625905 0.244318 0.091954 0.048048
0 0.624143 0.244373 0.091954 0.048048
0 0.607612 0.244400 0.091954 0.048048
0 0.619569 0.244591 0.091954 0.048048
0 0.620828 0.245340 0.091954 0.048048
0 0.625269 0.245575 0.091954 0.048048
0 0.621382 0.246130 0.091954 0.048048
0 0.623285 0.246203 0.091954 0.048048
0 0.622094 0.246503 0.091954 0.048048
0 0.622642 0.246547 0.091954 0.048048
0 0.621141 0.247296 0.091954 0.048048
0 0.622618 0.247951 0.091954 0.048048
0 0.226342 0.156950 0.091954 0.048048
0 0.229733 0.159891 0.091954 0.048048
0 0.228537 0.159628 0.091954 0.048048
0 0.228454 0.160313 0.091954 0.048048
0 0.237307 0.154559 0.091954 0.048048
0 0.220449 0.159747 0.091954 0.048048
0 0.220421 0.161054 0.091954 0.048048
0 0.221505 0.161732 0.091954 0.048048
0 0.222075 0.162792 0.091954 0.048048
0 0.222728 0.162521 0.091954 0.048048
0 0.223381 0.162951 0.091954 0.048048
0 0.224396 0.162481 0.091954 0.048048
0 0.224618 0.163525 0.091954 0.048048
0 0.224215 0.163381 0.091954 0.048048
0 0.226995 0.158998 0.091954 0.048048
0 0.233263 0.161270 0.091954 0.048048
0 0.222311 0.160138 0.091954 0.048048
0 0.226341 0.167755 0.091954 0.048048
0 0.227831 0.168739 0.091954 0.048048
0 0.228162 0.168027 0.091954 0.048048
0 0.231451 0.165442 0.091954 0.048048
0 0.237803 0.167504 0.091954 0.048048
0 0.237815 0.169743 0.091954 0.048048
0 0.234373 0.169756 0.091954 0.048048
0 0.236325 0.171276 0.091954 0.048048
0 0.236526 0.170889 0.091954 0.048048
0 0.233840 0.172579 0.091954 0.048048
0 0.241500 0.172437 0.091954 0.048048
0 0.242430 0.172583 0.091954 0.048048
0 0.237209 0.173737 0.091954 0.048048
0 0.238011 0.173846 0.091954 0.048048
0 0.240150 0.174810 0.091954 0.048048
0 0.241704 0.170283 0.091954 0.048048
0 0.243932 0.170159 0.091954 0.048048
0 0.232586 0.171407 0.091954 0.048048
0 0.233669 0.174701 0.091954 0.048048
0 0.233478 0.174467 0.091954 0.048048
0 0.256749 0.168994 0.091954 0.048048
0 0.249965 0.166912 0.091954 0.048048
0 0.250568 0.170055 0.091954 0.048048
0 0.252459 0.169921 0.091954 0.048048
0 0.255137 0.157504 0.091954 0.048048
0 0.254822 0.158376 0.091954 0.048048
0 0.254272 0.154807 0.091954 0.048048
0 0.253997 0.154642 0.091954 0.048048
0 0.253735 0.155168 0.091954 0.048048
0 0.254796 0.155228 0.091954 0.048048
0 0.251154 0.155491 0.091954 0.048048
0 0.250721 0.155461 0.091954 0.048048
0 0.244209 0.158398 0.091954 0.048048
0 0.239388 0.156460 0.091954 0.048048
0 0.238903 0.156497 0.091954 0.048048
0 0.250169 0.152381 0.091954 0.048048
0 0.260785 0.162870 0.091954 0.048048
0 0.263554 0.161343 0.091954 0.048048
0 0.266283 0.161635 0.091954 0.048048
0 0.264768 0.160729 0.091954 0.048048
0 0.265108 0.160811 0.091954 0.048048
0 0.271460 0.164854 0.091954 0.048048
0 0.269109 0.167377 0.091954 0.048048
0 0.271053 0.168266 0.091954 0.048048
0 0.272199 0.166836 0.091954 0.048048
0 0.269704 0.169078 0.091954 0.048048
0 0.262422 0.170503 0.091954 0.048048
0 0.261972 0.173010 0.091954 0.048048
0 0.235095 0.163920 0.091954 0.048048
0 0.612966 0.231847 0.091954 0.048048
0 0.607264 0.236329 0.091954 0.048048
0 0.609943 0.236420 0.091954 0.048048
0 0.612081 0.235786 0.091954 0.048048
0 0.615485 0.233362 0.091954 0.048048
0 0.612560 0.235828 0.091954 0.048048
0 0.602815 0.240874 0.091954 0.048048
0 0.608222 0.238274 0.091954 0.048048
0 0.607178 0.237794 0.091954 0.048048
0 0.606846 0.236448 0.091954 0.048048
0 0.608050 0.237273 0.091954 0.048048
0 0.607952 0.236751 0.091954 0.048048
0 0.610729 0.236470 0.091954 0.048048
0 0.611295 0.235920 0.091954 0.048048
0 0.611639 0.235652 0.091954 0.048048
0 0.613851 0.236899 0.091954 0.048048
0 0.608652 0.238570 0.091954 0.048048
0 0.611404 0.242162 0.091954 0.048048
0 0.610995 0.242714 0.091954 0.048048
0 0.605785 0.240490 0.091954 0.048048
0 0.607687 0.245912 0.091954 0.048048
0 0.608700 0.246322 0.091954 0.048048
0 0.606180 0.246829 0.091954 0.048048
0 0.608871 0.249688 0.091954 0.048048
0 0.611365 0.248327 0.091954 0.048048
0 0.607460 0.232994 0.091954 0.048048
0 0.619886 0.233849 0.091954 0.048048
0 0.620467 0.234129 0.091954 0.048048
0 0.615823 0.233622 0.091954 0.048048
0 0.621707 0.237222 0.091954 0.048048
0 0.622076 0.237245 0.091954 0.048048
0 0.621622 0.239425 0.091954 0.048048
0 0.625413 0.247858 0.091954 0.048048
0 0.625756 0.242737 0.091954 0.048048
0 0.620058 0.249424 0.091954 0.048048
0 0.618884 0.250301 0.091954 0.048048
0 0.619240 0.250770 0.091954 0.048048
0 0.619570 0.251549 0.091954 0.048048
0 0.624925 0.253660 0.091954 0.048048
0 0.624701 0.254159 0.091954 0.048048
0 0.630835 0.246307 0.091954 0.048048
0 0.629160 0.239363 0.091954 0.048048
0 0.633025 0.238183 0.091954 0.048048
0 0.631719 0.237767 0.091954 0.048048
0 0.632537 0.238039 0.091954 0.048048
0 0.618290 0.233002 0.091954 0.048048
0 0.243418 0.175392 0.091954 0.048048
0 0.243157 0.175579 0.091954 0.048048
0 0.243339 0.175826 0.091954 0.048048
0 0.242661 0.175931 0.091954 0.048048
0 0.242204 0.175063 0.091954 0.048048
0 0.242692 0.174365 0.091954 0.048048
0 0.243470 0.171846 0.091954 0.048048
0 0.244044 0.171068 0.091954 0.048048
0 0.240364 0.175632 0.091954 0.048048
0 0.240182 0.174285 0.091954 0.048048
0 0.240599 0.174262 0.091954 0.048048
0 0.240534 0.174031 0.091954 0.048048
0 0.239307 0.174053 0.091954 0.048048
0 0.237285 0.174001 0.091954 0.048048
0 0.240182 0.173028 0.091954 0.048048
0 0.237911 0.173163 0.091954 0.048048
0 0.237298 0.173020 0.091954 0.048048
0 0.235536 0.172736 0.091954 0.048048
0 0.239516 0.172422 0.091954 0.048048
0 0.239607 0.172138 0.091954 0.048048
0 0.239503 0.171023 0.091954 0.048048
0 0.240142 0.170955 0.091954 0.048048
0 0.241369 0.170596 0.091954 0.048048
0 0.243561 0.170102 0.091954 0.048048
0 0.239855 0.169668 0.091954 0.048048
0 0.240012 0.169855 0.091954 0.048048
0 0.238146 0.169930 0.091954 0.048048
0 0.236606 0.170215 0.091954 0.048048
0 0.235040 0.169923 0.091954 0.048048
0 0.234297 0.170723 0.091954 0.048048
0 0.236358 0.175250 0.091954 0.048048
0 0.236176 0.174375 0.091954 0.048048
0 0.232092 0.174173 0.091954 0.048048
0 0.232966 0.174584 0.091954 0.048048
0 0.232300 0.173784 0.091954 0.048048
0 0.231974 0.173282 0.091954 0.048048
0 0.231074 0.173290 0.091954 0.048048
0 0.231831 0.172474 0.091954 0.048048
0 0.230356 0.171861 0.091954 0.048048
0 0.229743 0.171255 0.091954 0.048048
0 0.228738 0.172085 0.091954 0.048048
0 0.228582 0.172212 0.091954 0.048048
0 0.228555 0.171404 0.091954 0.048048
0 0.229534 0.170746 0.091954 0.048048
0 0.230787 0.170304 0.091954 0.048048
0 0.231126 0.170604 0.091954 0.048048
0 0.232783 0.170476 0.091954 0.048048
0 0.232470 0.170716 0.091954 0.048048
0 0.232092 0.171127 0.091954 0.048048
0 0.229351 0.169668 0.091954 0.048048
0 0.225789 0.170574 0.091954 0.048048
0 0.226872 0.170836 0.091954 0.048048
0 0.226924 0.170147 0.091954 0.048048
0 0.227316 0.170147 0.091954 0.048048
0 0.225098 0.169885 0.091954 0.048048
0 0.226194 0.169032 0.091954 0.048048
0 0.226350 0.168509 0.091954 0.048048
0 0.226520 0.168037 0.091954 0.048048
0 0.226885 0.168419 0.091954 0.048048
0 0.229847 0.167663 0.091954 0.048048
0 0.227564 0.165740 0.091954 0.048048
0 0.232705 0.166264 0.091954 0.048048
0 0.232144 0.165755 0.091954 0.048048
0 0.232144 0.166488 0.091954 0.048048
0 0.231530 0.166668 0.091954 0.048048
0 0.226220 0.165748 0.091954 0.048048
0 0.227029 0.166945 0.091954 0.048048
0 0.224302 0.167888 0.091954 0.048048
0 0.224602 0.168426 0.091954 0.048048
0 0.222997 0.166503 0.091954 0.048048
0 0.224771 0.166249 0.091954 0.048048
0 0.224093 0.166152 0.091954 0.048048
0 0.221548 0.165112 0.091954 0.048048
0 0.221431 0.165815 0.091954 0.048048
0 0.221757 0.165912 0.091954 0.048048
0 0.221953 0.166204 0.091954 0.048048
0 0.222305 0.165426 0.091954 0.048048
0 0.222305 0.165194 0.091954 0.048048
0 0.222527 0.165037 0.091954 0.048048
0 0.222292 0.164723 0.091954 0.048048
0 0.223023 0.164483 0.091954 0.048048
0 0.223440 0.164775 0.091954 0.048048
0 0.223806 0.163660 0.091954 0.048048
0 0.223571 0.163593 0.091954 0.048048
0 0.222357 0.163885 0.091954 0.048048
0 0.222631 0.164087 0.091954 0.048048
0 0.222540 0.163316 0.091954 0.048048
0 0.222149 0.163189 0.091954 0.048048
0 0.220922 0.163398 0.091954 0.048048
0 0.221131 0.163495 0.091954 0.048048
0 0.220061 0.162635 0.091954 0.048048
0 0.220035 0.163032 0.091954 0.048048
0 0.222475 0.162336 0.091954 0.048048
0 0.226272 0.163900 0.091954 0.048048
0 0.228190 0.162246 0.091954 0.048048
0 0.230173 0.162553 0.091954 0.048048
0 0.228790 0.164917 0.091954 0.048048
0 0.228777 0.165456 0.091954 0.048048
0 0.230943 0.163668 0.091954 0.048048
0 0.234127 0.163922 0.091954 0.048048
0 0.233918 0.163585 0.091954 0.048048
0 0.236241 0.162837 0.091954 0.048048
0 0.236619 0.162867 0.091954 0.048048
0 0.237089 0.162149 0.091954 0.048048
0 0.237598 0.163548 0.091954 0.048048
0 0.240103 0.163735 0.091954 0.048048
0 0.239320 0.163900 0.091954 0.048048
0 0.238994 0.164221 0.091954 0.048048
0 0.239399 0.164521 0.091954 0.048048
0 0.236411 0.164633 0.091954 0.048048
0 0.235471 0.165501 0.091954 0.048048
0 0.236293 0.163293 0.091954 0.048048
0 0.239777 0.162755 0.091954 0.048048
0 0.239686 0.162590 0.091954 0.048048
0 0.239464 0.162987 0.091954 0.048048
0 0.238237 0.162538 0.091954 0.048048
0 0.237989 0.162126 0.091954 0.048048
0 0.238368 0.161797 0.091954 0.048048
0 0.240782 0.162695 0.091954 0.048048
0 0.240951 0.161303 0.091954 0.048048
0 0.240703 0.160241 0.091954 0.048048
0 0.241904 0.159073 0.091954 0.048048
0 0.239555 0.160607 0.091954 0.048048
0 0.237741 0.159044 0.091954 0.048048
0 0.239451 0.158909 0.091954 0.048048
0 0.240169 0.158602 0.091954 0.048048
0 0.241917 0.158647 0.091954 0.048048
0 0.242752 0.158273 0.091954 0.048048
0 0.242152 0.157570 0.091954 0.048048
0 0.241943 0.157570 0.091954 0.048048
0 0.241552 0.157764 0.091954 0.048048
0 0.241069 0.157944 0.091954 0.048048
0 0.238068 0.158176 0.091954 0.048048
0 0.236867 0.157846 0.091954 0.048048
0 0.235693 0.158707 0.091954 0.048048
0 0.235184 0.159926 0.091954 0.048048
0 0.233605 0.160308 0.091954 0.048048
0 0.234231 0.159926 0.091954 0.048048
0 0.234753 0.156679 0.091954 0.048048
0 0.234258 0.157210 0.091954 0.048048
0 0.233135 0.157570 0.091954 0.048048
0 0.233070 0.158692 0.091954 0.048048
0 0.233031 0.158445 0.091954 0.048048
0 0.231087 0.157450 0.091954 0.048048
0 0.231583 0.157188 0.091954 0.048048
0 0.230082 0.157442 0.091954 0.048048
0 0.230761 0.156993 0.091954 0.048048
0 0.231048 0.156874 0.091954 0.048048
0 0.231048 0.156694 0.091954 0.048048
0 0.230943 0.156492 0.091954 0.048048
0 0.230826 0.155796 0.091954 0.048048
0 0.231178 0.155886 0.091954 0.048048
0 0.231426 0.155721 0.091954 0.048048
0 0.231544 0.155983 0.091954 0.048048
0 0.230526 0.156178 0.091954 0.048048
0 0.229978 0.156312 0.091954 0.048048
0 0.229051 0.155437 0.091954 0.048048
0 0.228947 0.155632 0.091954 0.048048
0 0.229038 0.156006 0.091954 0.048048
0 0.229325 0.156088 0.091954 0.048048
0 0.229404 0.155183 0.091954 0.048048
0 0.228190 0.155213 0.091954 0.048048
0 0.228294 0.155489 0.091954 0.048048
0 0.227538 0.156043 0.091954 0.048048
0 0.224798 0.156455 0.091954 0.048048
0 0.223962 0.156021 0.091954 0.048048
0 0.227042 0.152908 0.091954 0.048048
0 0.226141 0.153469 0.091954 0.048048
0 0.224028 0.154360 0.091954 0.048048
0 0.228281 0.153372 0.091954 0.048048
0 0.228399 0.152968 0.091954 0.048048
0 0.228973 0.153709 0.091954 0.048048
0 0.229443 0.153566 0.091954 0.048048
0 0.229417 0.152968 0.091954 0.048048
0 0.228503 0.152654 0.091954 0.048048
0 0.227942 0.152422 0.091954 0.048048
0 0.226415 0.152863 0.091954 0.048048
0 0.225528 0.152736 0.091954 0.048048
0 0.225711 0.152886 0.091954 0.048048
0 0.225241 0.153043 0.091954 0.048048
0 0.222540 0.152377 0.091954 0.048048
0 0.223532 0.152399 0.091954 0.048048
0 0.223127 0.152571 0.091954 0.048048
0 0.223388 0.152751 0.091954 0.048048
0 0.223584 0.152070 0.091954 0.048048
0 0.222879 0.153881 0.091954 0.048048
0 0.222331 0.154509 0.091954 0.048048
0 0.222905 0.154554 0.091954 0.048048
0 0.222984 0.155078 0.091954 0.048048
0 0.221170 0.155430 0.091954 0.048048
0 0.223714 0.156440 0.091954 0.048048
0 0.222292 0.156507 0.091954 0.048048
0 0.220870 0.157046 0.091954 0.048048
0 0.221157 0.157764 0.091954 0.048048
0 0.223297 0.157465 0.091954 0.048048
0 0.223962 0.159275 0.091954 0.048048
0 0.221079 0.159313 0.091954 0.048048
0 0.220009 0.160158 0.091954 0.048048
0 0.220218 0.160764 0.091954 0.048048
0 0.220100 0.161281 0.091954 0.048048
0 0.221040 0.161348 0.091954 0.048048
0 0.220857 0.161677 0.091954 0.048048
0 0.230030 0.160503 0.091954 0.048048
0 0.229051 0.160705 0.091954 0.048048
0 0.231035 0.162336 0.091954 0.048048
0 0.227081 0.161423 0.091954 0.048048
0 0.227538 0.160907 0.091954 0.048048
0 0.227198 0.158048 0.091954 0.048048
0 0.225985 0.157592 0.091954 0.048048
0 0.227472 0.150566 0.091954 0.048048
0 0.229156 0.151262 0.091954 0.048048
0 0.228386 0.151524 0.091954 0.048048
0 0.228347 0.152070 0.091954 0.048048
0 0.230160 0.153237 0.091954 0.048048
0 0.229782 0.152871 0.091954 0.048048
0 0.229779 0.152364 0.091954 0.048048
0 0.229626 0.152006 0.091954 0.048048
0 0.229850 0.152168 0.091954 0.048048
0 0.230286 0.152385 0.091954 0.048048
0 0.230947 0.152581 0.091954 0.048048
0 0.231230 0.152648 0.091954 0.048048
0 0.230841 0.152222 0.091954 0.048048
0 0.230381 0.152080 0.091954 0.048048
0 0.230829 0.151079 0.091954 0.048048
0 0.231195 0.150937 0.091954 0.048048
0 0.231407 0.151079 0.091954 0.048048
0 0.230263 0.151377 0.091954 0.048048
0 0.230687 0.151465 0.091954 0.048048
0 0.230640 0.151783 0.091954 0.048048
0 0.231442 0.151485 0.091954 0.048048
0 0.231702 0.151634 0.091954 0.048048
0 0.232598 0.151715 0.091954 0.048048
0 0.232598 0.151316 0.091954 0.048048
0 0.232492 0.151106 0.091954 0.048048
0 0.232787 0.151201 0.091954 0.048048
0 0.233082 0.151343 0.091954 0.048048
0 0.233365 0.151397 0.091954 0.048048
0 0.233566 0.151607 0.091954 0.048048
0 0.233330 0.151729 0.091954 0.048048
0 0.231490 0.152128 0.091954 0.048048
0 0.231867 0.152750 0.091954 0.048048
0 0.232315 0.152912 0.091954 0.048048
0 0.232846 0.153014 0.091954 0.048048
0 0.232740 0.150274 0.091954 0.048048
0 0.233483 0.150234 0.091954 0.048048
0 0.231867 0.150775 0.091954 0.048048
0 0.232126 0.150728 0.091954 0.048048
0 0.232421 0.150572 0.091954 0.048048
0 0.235193 0.150227 0.091954 0.048048
0 0.235335 0.150464 0.091954 0.048048
0 0.234627 0.151647 0.091954 0.048048
0 0.235193 0.151661 0.091954 0.048048
0 0.235134 0.151952 0.091954 0.048048
0 0.235736 0.152148 0.091954 0.048048
0 0.237623 0.153440 0.091954 0.048048
0 0.237222 0.152520 0.091954 0.048048
0 0.232704 0.153453 0.091954 0.048048
0 0.233165 0.153508 0.091954 0.048048
0 0.233742 0.153467 0.091954 0.048048
0 0.233648 0.153812 0.091954 0.048048
0 0.231065 0.154306 0.091954 0.048048
0 0.233141 0.155469 0.091954 0.048048
0 0.233955 0.155334 0.091954 0.048048
0 0.237706 0.156477 0.091954 0.048048
0 0.237175 0.156260 0.091954 0.048048
0 0.240230 0.156125 0.091954 0.048048
0 0.239629 0.155686 0.091954 0.048048
0 0.238579 0.155976 0.091954 0.048048
0 0.237954 0.155800 0.091954 0.048048
0 0.240324 0.154624 0.091954 0.048048
0 0.241433 0.154461 0.091954 0.048048
0 0.238638 0.150552 0.091954 0.048048
0 0.239758 0.151492 0.091954 0.048048
0 0.241575 0.151702 0.091954 0.048048
0 0.240513 0.151187 0.091954 0.048048
0 0.241575 0.150700 0.091954 0.048048
0 0.242640 0.150896 0.091954 0.048048
0 0.243029 0.150994 0.091954 0.048048
0 0.242832 0.151579 0.091954 0.048048
0 0.244291 0.151555 0.091954 0.048048
0 0.244551 0.151245 0.091954 0.048048
0 0.245428 0.151341 0.091954 0.048048
0 0.245217 0.151530 0.091954 0.048048
0 0.245569 0.151707 0.091954 0.048048
0 0.245287 0.151909 0.091954 0.048048
0 0.246175 0.151916 0.091954 0.048048
0 0.243771 0.151967 0.091954 0.048048
0 0.243094 0.152917 0.091954 0.048048
0 0.242999 0.152459 0.091954 0.048048
0 0.244546 0.152959 0.091954 0.048048
0 0.244137 0.153163 0.091954 0.048048
0 0.244948 0.153151 0.091954 0.048048
0 0.244866 0.153018 0.091954 0.048048
0 0.245848 0.153257 0.091954 0.048048
0 0.246039 0.152924 0.091954 0.048048
0 0.246284 0.152612 0.091954 0.048048
0 0.246679 0.152924 0.091954 0.048048
0 0.246509 0.153229 0.091954 0.048048
0 0.247388 0.152690 0.091954 0.048048
0 0.246679 0.151877 0.091954 0.048048
0 0.247000 0.152350 0.091954 0.048048
0 0.248056 0.151865 0.091954 0.048048
0 0.248343 0.151748 0.091954 0.048048
0 0.248649 0.152346 0.091954 0.048048
0 0.251256 0.154097 0.091954 0.048048
0 0.250888 0.154057 0.091954 0.048048
0 0.251017 0.154319 0.091954 0.048048
0 0.248163 0.153920 0.091954 0.048048
0 0.249565 0.154667 0.091954 0.048048
0 0.247537 0.154986 0.091954 0.048048
0 0.244901 0.155021 0.091954 0.048048
0 0.242474 0.154895 0.091954 0.048048
0 0.243340 0.155129 0.091954 0.048048
0 0.244306 0.155291 0.091954 0.048048
0 0.244961 0.155608 0.091954 0.048048
0 0.244503 0.155933 0.091954 0.048048
0 0.244076 0.155990 0.091954 0.048048
0 0.243419 0.155865 0.091954 0.048048
0 0.242415 0.155842 0.091954 0.048048
0 0.241599 0.155865 0.091954 0.048048
0 0.243688 0.156498 0.091954 0.048048
0 0.243658 0.157005 0.091954 0.048048
0 0.242882 0.156697 0.091954 0.048048
0 0.244603 0.157730 0.091954 0.048048
0 0.245458 0.157245 0.091954 0.048048
0 0.248998 0.156184 0.091954 0.048048
0 0.255730 0.154571 0.091954 0.048048
0 0.254681 0.154553 0.091954 0.048048
0 0.250214 0.155707 0.091954 0.048048
0 0.250879 0.156207 0.091954 0.048048
0 0.256535 0.156348 0.091954 0.048048
0 0.257242 0.156262 0.091954 0.048048
0 0.257736 0.157293 0.091954 0.048048
0 0.256487 0.157242 0.091954 0.048048
0 0.256212 0.157301 0.091954 0.048048
0 0.250230 0.157030 0.091954 0.048048
0 0.250021 0.158891 0.091954 0.048048
0 0.249945 0.158118 0.091954 0.048048
0 0.250448 0.158276 0.091954 0.048048
0 0.249974 0.160029 0.091954 0.048048
0 0.249888 0.159789 0.091954 0.048048
0 0.249850 0.159359 0.091954 0.048048
0 0.249983 0.160404 0.091954 0.048048
0 0.253011 0.159234 0.091954 0.048048
0 0.252574 0.158728 0.091954 0.048048
0 0.253552 0.159131 0.091954 0.048048
0 0.253115 0.158586 0.091954 0.048048
0 0.253856 0.158984 0.091954 0.048048
0 0.254017 0.158379 0.091954 0.048048
0 0.255555 0.158412 0.091954 0.048048
0 0.255640 0.158831 0.091954 0.048048
0 0.255204 0.159490 0.091954 0.048048
0 0.259114 0.157955 0.091954 0.048048
0 0.259370 0.158124 0.091954 0.048048
0 0.259740 0.157982 0.091954 0.048048
0 0.260310 0.158347 0.091954 0.048048
0 0.259911 0.158858 0.091954 0.048048
0 0.259313 0.159000 0.091954 0.048048
0 0.261174 0.159027 0.091954 0.048048
0 0.260803 0.159375 0.091954 0.048048
0 0.259655 0.159550 0.091954 0.048048
0 0.260955 0.160132 0.091954 0.048048
0 0.261582 0.160072 0.091954 0.048048
0 0.263034 0.160344 0.091954 0.048048
0 0.262844 0.160665 0.091954 0.048048
0 0.262289 0.159501 0.091954 0.048048
0 0.260867 0.161365 0.091954 0.048048
0 0.262445 0.161682 0.091954 0.048048
0 0.262954 0.161797 0.091954 0.048048
0 0.263312 0.161785 0.091954 0.048048
0 0.263183 0.161616 0.091954 0.048048
0 0.263147 0.161279 0.091954 0.048048
0 0.264252 0.161028 0.091954 0.048048
0 0.264237 0.160728 0.091954 0.048048
0 0.265557 0.161135 0.091954 0.048048
0 0.264955 0.161439 0.091954 0.048048
0 0.264553 0.161300 0.091954 0.048048
0 0.264510 0.161674 0.091954 0.048048
0 0.265163 0.161719 0.091954 0.048048
0 0.265665 0.161600 0.091954 0.048048
0 0.265916 0.161402 0.091954 0.048048
0 0.267888 0.161287 0.091954 0.048048
0 0.268411 0.161563 0.091954 0.048048
0 0.268411 0.161197 0.091954 0.048048
0 0.267156 0.160950 0.091954 0.048048
0 0.268856 0.162262 0.091954 0.048048
0 0.269028 0.161863 0.091954 0.048048
0 0.270907 0.162673 0.091954 0.048048
0 0.270814 0.162899 0.091954 0.048048
0 0.270505 0.162768 0.091954 0.048048
0 0.270570 0.163150 0.091954 0.048048
0 0.269974 0.163261 0.091954 0.048048
0 0.271172 0.163693 0.091954 0.048048
0 0.271301 0.163931 0.091954 0.048048
0 0.270928 0.163849 0.091954 0.048048
0 0.271509 0.163643 0.091954 0.048048
0 0.269544 0.163664 0.091954 0.048048
0 0.269135 0.163569 0.091954 0.048048
0 0.269257 0.163269 0.091954 0.048048
0 0.269795 0.163154 0.091954 0.048048
0 0.268182 0.163619 0.091954 0.048048
0 0.268318 0.163405 0.091954 0.048048
0 0.267981 0.162546 0.091954 0.048048
0 0.268555 0.162607 0.091954 0.048048
0 0.267120 0.162661 0.091954 0.048048
0 0.266712 0.162825 0.091954 0.048048
0 0.266726 0.163960 0.091954 0.048048
0 0.265284 0.162747 0.091954 0.048048
0 0.261503 0.162753 0.091954 0.048048
0 0.261043 0.162949 0.091954 0.048048
0 0.260975 0.163120 0.091954 0.048048
0 0.261554 0.164434 0.091954 0.048048
0 0.260941 0.164386 0.091954 0.048048
0 0.256439 0.161115 0.091954 0.048048
0 0.256380 0.161570 0.091954 0.048048
0 0.256063 0.161945 0.091954 0.048048
0 0.254389 0.161473 0.091954 0.048048
0 0.254557 0.162104 0.091954 0.048048
0 0.256568 0.163938 0.091954 0.048048
0 0.256805 0.164290 0.091954 0.048048
0 0.257241 0.166692 0.091954 0.048048
0 0.257964 0.166647 0.091954 0.048048
0 0.253478 0.165732 0.091954 0.048048
0 0.253557 0.166119 0.091954 0.048048
0 0.252894 0.165142 0.091954 0.048048
0 0.252022 0.166192 0.091954 0.048048
0 0.252111 0.168015 0.091954 0.048048
0 0.253914 0.168220 0.091954 0.048048
0 0.254845 0.168498 0.091954 0.048048
0 0.253458 0.169713 0.091954 0.048048
0 0.253884 0.169992 0.091954 0.048048
0 0.254597 0.170241 0.091954 0.048048
0 0.249665 0.168981 0.091954 0.048048
0 0.251180 0.167782 0.091954 0.048048
0 0.250873 0.167862 0.091954 0.048048
0 0.259796 0.170963 0.091954 0.048048
0 0.260539 0.171985 0.091954 0.048048
0 0.261494 0.173988 0.091954 0.048048
0 0.262199 0.173879 0.091954 0.048048
0 0.262997 0.173618 0.091954 0.048048
0 0.264648 0.170766 0.091954 0.048048
0 0.267567 0.171909 0.091954 0.048048
0 0.267567 0.171403 0.091954 0.048048
0 0.270058 0.171293 0.091954 0.048048
0 0.269427 0.170641 0.091954 0.048048
0 0.269565 0.168239 0.091954 0.048048
0 0.270652 0.168793 0.091954 0.048048
0 0.270302 0.169310 0.091954 0.048048
0 0.269050 0.169577 0.091954 0.048048
0 0.268427 0.169105 0.091954 0.048048
0 0.266510 0.166898 0.091954 0.048048
0 0.266160 0.167374 0.091954 0.048048
0 0.272004 0.166549 0.091954 0.048048
0 0.272019 0.165979 0.091954 0.048048
0 0.271647 0.165479 0.091954 0.048048
0 0.271131 0.165196 0.091954 0.048048
0 0.270216 0.166053 0.091954 0.048048
0 0.270223 0.165077 0.091954 0.048048
0 0.629339 0.253465 0.091954 0.048048
0 0.628672 0.254194 0.091954 0.048048
0 0.623101 0.253701 0.091954 0.048048
0 0.621047 0.252700 0.091954 0.048048
0 0.619160 0.253303 0.091954 0.048048
0 0.617992 0.252133 0.091954 0.048048
0 0.616824 0.251206 0.091954 0.048048
0 0.620457 0.251920 0.091954 0.048048
0 0.627003 0.251287 0.091954 0.048048
0 0.622831 0.248821 0.091954 0.048048
0 0.623101 0.249454 0.091954 0.048048
0 0.625437 0.247643 0.091954 0.048048
0 0.626092 0.247879 0.091954 0.048048
0 0.625886 0.246878 0.091954 0.048048
0 0.633921 0.249287 0.091954 0.048048
0 0.632296 0.248362 0.091954 0.048048
0 0.631544 0.247211 0.091954 0.048048
0 0.631697 0.247558 0.091954 0.048048
0 0.630939 0.246007 0.091954 0.048048
0 0.630573 0.245681 0.091954 0.048048
0 0.630628 0.245488 0.091954 0.048048
0 0.628437 0.244265 0.091954 0.048048
0 0.624484 0.243902 0.091954 0.048048
0 0.624008 0.241837 0.091954 0.048048
0 0.624409 0.241324 0.091954 0.048048
0 0.623411 0.241436 0.091954 0.048048
0 0.622179 0.240746 0.091954 0.048048
0 0.623084 0.240168 0.091954 0.048048
0 0.622842 0.239948 0.091954 0.048048
0 0.621311 0.239483 0.091954 0.048048
0 0.621778 0.239001 0.091954 0.048048
0 0.621722 0.238745 0.091954 0.048048
0 0.623336 0.238563 0.091954 0.048048
0 0.619846 0.239697 0.091954 0.048048
0 0.619156 0.240109 0.091954 0.048048
0 0.619576 0.239986 0.091954 0.048048
0 0.619968 0.240537 0.091954 0.048048
0 0.619053 0.240730 0.091954 0.048048
0 0.618764 0.241184 0.091954 0.048048
0 0.619128 0.241152 0.091954 0.048048
0 0.619193 0.241500 0.091954 0.048048
0 0.618997 0.241693 0.091954 0.048048
0 0.617094 0.243763 0.091954 0.048048
0 0.616170 0.242046 0.091954 0.048048
0 0.617327 0.241875 0.091954 0.048048
0 0.615564 0.241602 0.091954 0.048048
0 0.615041 0.242452 0.091954 0.048048
0 0.614463 0.242511 0.091954 0.048048
0 0.614155 0.241147 0.091954 0.048048
0 0.614780 0.240917 0.091954 0.048048
0 0.611757 0.240735 0.091954 0.048048
0 0.612195 0.241222 0.091954 0.048048
0 0.610423 0.241634 0.091954 0.048048
0 0.610423 0.241350 0.091954 0.048048
0 0.610469 0.241944 0.091954 0.048048
0 0.611552 0.241859 0.091954 0.048048
0 0.615004 0.239911 0.091954 0.048048
0 0.613772 0.239536 0.091954 0.048048
0 0.611626 0.239884 0.091954 0.048048
0 0.611010 0.240050 0.091954 0.048048
0 0.609844 0.240350 0.091954 0.048048
0 0.611216 0.239301 0.091954 0.048048
0 0.610460 0.239264 0.091954 0.048048
0 0.612606 0.239087 0.091954 0.048048
0 0.613698 0.239098 0.091954 0.048048
0 0.613483 0.238937 0.091954 0.048048
0 0.612251 0.239183 0.091954 0.048048
0 0.611477 0.238472 0.091954 0.048048
0 0.614145 0.238215 0.091954 0.048048
0 0.614547 0.238370 0.091954 0.048048
0 0.614472 0.238729 0.091954 0.048048
0 0.614715 0.238616 0.091954 0.048048
0 0.615769 0.239007 0.091954 0.048048
0 0.614285 0.239210 0.091954 0.048048
0 0.607166 0.246310 0.091954 0.048048
0 0.613296 0.245727 0.091954 0.048048
0 0.611048 0.243913 0.091954 0.048048
0 0.608416 0.243886 0.091954 0.048048
0 0.607493 0.245101 0.091954 0.048048
0 0.607997 0.245283 0.091954 0.048048
0 0.607026 0.243309 0.091954 0.048048
0 0.600999 0.242089 0.091954 0.048048
0 0.604647 0.241741 0.091954 0.048048
0 0.600271 0.241270 0.091954 0.048048
0 0.605860 0.238884 0.091954 0.048048
0 0.605104 0.239606 0.091954 0.048048
0 0.605664 0.239622 0.091954 0.048048
0 0.606597 0.239734 0.091954 0.048048
0 0.606830 0.238552 0.091954 0.048048
0 0.605813 0.237899 0.091954 0.048048
0 0.608183 0.237551 0.091954 0.048048
0 0.609462 0.237161 0.091954 0.048048
0 0.609350 0.236802 0.091954 0.048048
0 0.610255 0.237434 0.091954 0.048048
0 0.610367 0.237803 0.091954 0.048048
0 0.609424 0.238006 0.091954 0.048048
0 0.608752 0.238338 0.091954 0.048048
0 0.608976 0.238333 0.091954 0.048048
0 0.609424 0.238472 0.091954 0.048048
0 0.610385 0.238418 0.091954 0.048048
0 0.613184 0.237584 0.091954 0.048048
0 0.611570 0.237354 0.091954 0.048048
0 0.611710 0.237027 0.091954 0.048048
0 0.613259 0.236588 0.091954 0.048048
0 0.614491 0.235706 0.091954 0.048048
0 0.614099 0.235930 0.091954 0.048048
0 0.615554 0.235422 0.091954 0.048048
0 0.615134 0.235224 0.091954 0.048048
0 0.615797 0.235144 0.091954 0.048048
0 0.613754 0.234785 0.091954 0.048048
0 0.613371 0.234373 0.091954 0.048048
0 0.616235 0.234368 0.091954 0.048048
0 0.617225 0.233683 0.091954 0.048048
0 0.617542 0.233496 0.091954 0.048048
0 0.618326 0.233940 0.091954 0.048048
0 0.618559 0.233689 0.091954 0.048048
0 0.618792 0.233624 0.091954 0.048048
0 0.618354 0.233523 0.091954 0.048048
0 0.618661 0.232988 0.091954 0.048048
0 0.617924 0.232319 0.091954 0.048048
0 0.617794 0.231950 0.091954 0.048048
0 0.618568 0.231928 0.091954 0.048048
0 0.619772 0.232399 0.091954 0.048048
0 0.611430 0.234791 0.091954 0.048048
0 0.611738 0.234769 0.091954 0.048048
0 0.611673 0.234882 0.091954 0.048048
0 0.611393 0.234973 0.091954 0.048048
0 0.611029 0.234721 0.091954 0.048048
0 0.610423 0.234459 0.091954 0.048048
0 0.609583 0.234282 0.091954 0.048048
0 0.609256 0.234154 0.091954 0.048048
0 0.608379 0.234234 0.091954 0.048048
0 0.608034 0.234347 0.091954 0.048048
0 0.607922 0.234175 0.091954 0.048048
0 0.606802 0.234422 0.091954 0.048048
0 0.606205 0.234165 0.091954 0.048048
0 0.606261 0.234598 0.091954 0.048048
0 0.605319 0.234668 0.091954 0.048048
0 0.606373 0.235748 0.091954 0.048048
0 0.605916 0.235625 0.091954 0.048048
0 0.606532 0.236112 0.091954 0.048048
0 0.605991 0.235834 0.091954 0.048048
0 0.607148 0.235968 0.091954 0.048048
0 0.607763 0.236219 0.091954 0.048048
0 0.608249 0.236342 0.091954 0.048048
0 0.607707 0.236524 0.091954 0.048048
0 0.608444 0.236476 0.091954 0.048048
0 0.603163 0.234411 0.091954 0.048048
0 0.605897 0.232731 0.091954 0.048048
0 0.605953 0.232201 0.091954 0.048048
0 0.606532 0.232886 0.091954 0.048048
0 0.606849 0.232870 0.091954 0.048048
0 0.609396 0.233234 0.091954 0.048048
0 0.609266 0.233972 0.091954 0.048048
0 0.609975 0.233967 0.091954 0.048048
0 0.609098 0.233763 0.091954 0.048048
0 0.614304 0.234673 0.091954 0.048048
0 0.614621 0.234438 0.091954 0.048048
0 0.617411 0.232506 0.091954 0.048048
0 0.622823 0.233063 0.091954 0.048048
0 0.621843 0.233421 0.091954 0.048048
0 0.621563 0.232736 0.091954 0.048048
0 0.620807 0.234288 0.091954 0.048048
0 0.621134 0.234646 0.091954 0.048048
0 0.621386 0.234593 0.091954 0.048048
0 0.622786 0.235422 0.091954 0.048048
0 0.623187 0.235706 0.091954 0.048048
0 0.631827 0.237193 0.091954 0.048048
0 0.632461 0.237364 0.091954 0.048048
0 0.632779 0.237428 0.091954 0.048048
0 0.633674 0.238199 0.091954 0.048048
0 0.634047 0.238659 0.091954 0.048048
0 0.630203 0.237273 0.091954 0.048048
0 0.629783 0.236984 0.091954 0.048048
0 0.629186 0.237632 0.091954 0.048048
0 0.630287 0.237477 0.091954 0.048048
0 0.629438 0.238413 0.091954 0.048048
0 0.628570 0.238825 0.091954 0.048048
0 0.627768 0.239039 0.091954 0.048048
0 0.628552 0.239638 0.091954 0.048048
0 0.628850 0.239740 0.091954 0.048048
0 0.629018 0.239809 0.091954 0.048048
0 0.629616 0.240125 0.091954 0.048048
0 0.631220 0.239601 0.091954 0.048048
0 0.630782 0.240922 0.091954 0.048048
0 0.631538 0.240885 0.091954 0.048048
0 0.632881 0.241768 0.091954 0.048048
0 0.633012 0.242051 0.091954 0.048048
0 0.633432 0.242073 0.091954 0.048048
0 0.633824 0.242110 0.091954 0.048048
0 0.633301 0.242410 0.091954 0.048048
0 0.632153 0.241596 0.091954 0.048048
0 0.635009 0.242704 0.091954 0.048048
0 0.635764 0.243084 0.091954 0.048048
0 0.635009 0.243100 0.091954 0.048048
0 0.635195 0.243597 0.091954 0.048048
0 0.634887 0.243592 0.091954 0.048048
0 0.634654 0.243260 0.091954 0.048048
0 0.246600 0.170553 0.091954 0.048048
0 0.245234 0.166768 0.091954 0.048048
0 0.243306 0.165985 0.091954 0.048048
0 0.241137 0.165616 0.091954 0.048048
0 0.247912 0.164618 0.091954 0.048048
0 0.251340 0.165378 0.091954 0.048048
0 0.251193 0.165616 0.091954 0.048048
0 0.243882 0.164380 0.091954 0.048048
0 0.243427 0.164257 0.091954 0.048048
0 0.245034 0.165132 0.091954 0.048048
0 0.244511 0.164956 0.091954 0.048048
0 0.242048 0.165501 0.091954 0.048048
0 0.241646 0.165201 0.091954 0.048048
0 0.241164 0.164541 0.091954 0.048048
0 0.240789 0.164771 0.091954 0.048048
0 0.239423 0.163612 0.091954 0.048048
0 0.237147 0.161646 0.091954 0.048048
0 0.244632 0.161585 0.091954 0.048048
0 0.245690 0.160518 0.091954 0.048048
0 0.221896 0.160065 0.091954 0.048048
0 0.248748 0.152133 0.091954 0.048048
0 0.248261 0.152261 0.091954 0.048048
0 0.252546 0.153192 0.091954 0.048048
0 0.251819 0.153368 0.091954 0.048048
0 0.251472 0.153756 0.091954 0.048048
0 0.251519 0.155081 0.091954 0.048048
0 0.252307 0.155227 0.091954 0.048048
0 0.256098 0.155708 0.091954 0.048048
0 0.238565 0.159384 0.091954 0.048048
0 0.238705 0.160091 0.091954 0.048048
0 0.245626 0.162418 0.091954 0.048048
0 0.244799 0.162234 0.091954 0.048048
0 0.249871 0.163578 0.091954 0.048048
0 0.249625 0.163648 0.091954 0.048048
0 0.252690 0.164088 0.091954 0.048048
0 0.242225 0.166144 0.091954 0.048048
0 0.237674 0.165414 0.091954 0.048048
0 0.236939 0.165968 0.091954 0.048048
0 0.236112 0.166126 0.091954 0.048048
0 0.264166 0.166249 0.091954 0.048048
0 0.262389 0.167154 0.091954 0.048048
0 0.262312 0.167593 0.091954 0.048048
0 0.262940 0.167497 0.091954 0.048048
0 0.269207 0.168630 0.091954 0.048048
0 0.271551 0.167708 0.091954 0.048048
0 0.266039 0.160972 0.091954 0.048048
0 0.265035 0.161044 0.091954 0.048048
0 0.263363 0.161494 0.091954 0.048048
0 0.612164 0.250324 0.091954 0.048048
0 0.611660 0.251649 0.091954 0.048048
0 0.610363 0.247229 0.091954 0.048048
0 0.602856 0.243405 0.091954 0.048048
0 0.604097 0.243497 0.091954 0.048048
0 0.604661 0.235528 0.091954 0.048048
0 0.608122 0.235179 0.091954 0.048048
0 0.609615 0.235381 0.091954 0.048048
0 0.614521 0.233265 0.091954 0.048048
0 0.615068 0.233724 0.091954 0.048048
0 0.614849 0.233877 0.091954 0.048048
0 0.616403 0.233794 0.091954 0.048048
0 0.621989 0.235124 0.091954 0.048048
0 0.621758 0.234964 0.091954 0.048048
0 0.621618 0.232949 0.091954 0.048048
0 0.621121 0.234095 0.091954 0.048048
0 0.625844 0.234876 0.091954 0.048048
0 0.631005 0.236713 0.091954 0.048048
0 0.628851 0.237343 0.091954 0.048048
0 0.627550 0.238430 0.091954 0.048048
0 0.625482 0.237426 0.091954 0.048048
0 0.626885 0.237808 0.091954 0.048048
0 0.627984 0.238106 0.091954 0.048048
0 0.622836 0.236979 0.091954 0.048048
0 0.626976 0.243155 0.091954 0.048048
0 0.624989 0.247447 0.091954 0.048048
0 0.624797 0.247184 0.091954 0.048048
0 0.623777 0.243827 0.091954 0.048048
0 0.249285 0.159118 0.091954 0.048048
0 0.239282 0.160129 0.091954 0.048048
0 0.247571 0.160812 0.091954 0.048048
0 0.246094 0.161085 0.091954 0.048048
0 0.236328 0.161440 0.091954 0.048048
0 0.239758 0.161549 0.091954 0.048048
0 0.247571 0.161713 0.091954 0.048048
0 0.234804 0.161795 0.091954 0.048048
0 0.255669 0.162342 0.091954 0.048048
0 0.267673 0.162997 0.091954 0.048048
0 0.224609 0.163899 0.091954 0.048048
0 0.231088 0.164062 0.091954 0.048048
0 0.269150 0.164062 0.091954 0.048048
0 0.250476 0.164636 0.091954 0.048048
0 0.235995 0.165264 0.091954 0.048048
0 0.253144 0.165264 0.091954 0.048048
0 0.248285 0.165401 0.091954 0.048048
0 0.261862 0.165483 0.091954 0.048048
0 0.233375 0.167313 0.091954 0.048048
0 0.236662 0.168051 0.091954 0.048048
0 0.254907 0.168215 0.091954 0.048048
0 0.257003 0.168242 0.091954 0.048048
0 0.258861 0.171602 0.091954 0.048048
0 0.613472 0.234129 0.091954 0.048048
0 0.613472 0.234976 0.091954 0.048048
0 0.605897 0.238472 0.091954 0.048048
0 0.615377 0.239592 0.091954 0.048048
0 0.604230 0.242707 0.091954 0.048048
0 0.605421 0.243499 0.091954 0.048048
0 0.620903 0.248388 0.091954 0.048048
0 0.624190 0.250000 0.091954 0.048048
0 0.227692 0.159861 0.091954 0.048048
0 0.240016 0.169056 0.091954 0.048048
0 0.237405 0.162187 0.091954 0.048048
0 0.241142 0.162958 0.091954 0.048048
0 0.251355 0.157828 0.091954 0.048048
0 0.606101 0.232416 0.091954 0.048048
0 0.605234 0.235362 0.091954 0.048048
0 0.608454 0.235902 0.091954 0.048048
0 0.609792 0.235553 0.091954 0.048048
0 0.606720 0.235891 0.091954 0.048048
0 0.606572 0.235484 0.091954 0.048048
0 0.612485 0.234479 0.091954 0.048048
0 0.607384 0.234114 0.091954 0.048048
0 0.609225 0.237714 0.091954 0.048048
0 0.607508 0.245468 0.091954 0.048048
0 0.611841 0.250579 0.091954 0.048048
0 0.617261 0.243529 0.091954 0.048048
0 0.617741 0.243103 0.091954 0.048048
0 0.620971 0.247773 0.091954 0.048048
0 0.619794 0.242311 0.091954 0.048048
0 0.620114 0.242098 0.091954 0.048048
0 0.623904 0.241046 0.091954 0.048048
0 0.622666 0.240872 0.091954 0.048048
0 0.616223 0.233497 0.091954 0.048048
0 0.614816 0.233451 0.091954 0.048048
0 0.623815 0.232902 0.091954 0.048048
0 0.615212 0.234678 0.091954 0.048048
0 0.617680 0.252403 0.091954 0.048048
0 0.611872 0.242260 0.091954 0.048048
0 0.611765 0.240962 0.091954 0.048048
0 0.606620 0.243038 0.091954 0.048048
0 0.242641 0.175216 0.091954 0.048048
0 0.243226 0.174412 0.091954 0.048048
0 0.236131 0.174961 0.091954 0.048048
0 0.250747 0.167689 0.091954 0.048048
0 0.246512 0.169409 0.091954 0.048048
0 0.236646 0.165733 0.091954 0.048048
0 0.244542 0.165320 0.091954 0.048048
0 0.247483 0.165446 0.091954 0.048048
0 0.237808 0.164476 0.091954 0.048048
0 0.234646 0.160488 0.091954 0.048048
0 0.234690 0.159679 0.091954 0.048048
0 0.235484 0.159451 0.091954 0.048048
0 0.244189 0.160657 0.091954 0.048048
0 0.245204 0.162487 0.091954 0.048048
0 0.227662 0.153718 0.091954 0.048048
0 0.231236 0.154498 0.091954 0.048048
0 0.227985 0.150691 0.091954 0.048048
0 0.229265 0.151981 0.091954 0.048048
0 0.240557 0.153557 0.091954 0.048048
0 0.253526 0.155758 0.091954 0.048048
0 0.249174 0.156686 0.091954 0.048048
0 0.256364 0.162579 0.091954 0.048048
0 0.266686 0.161449 0.091954 0.048048
0 0.267466 0.161551 0.091954 0.048048
0 0.269833 0.161464 0.091954 0.048048
0 0.271396 0.165941 0.091954 0.048048
0 0.269549 0.167177 0.091954 0.048048
0 0.270788 0.168539 0.091954 0.048048
0 0.265927 0.166291 0.091954 0.048048
0 0.262174 0.162960 0.091954 0.048048
0 0.256897 0.170155 0.091954 0.048048
0 0.264949 0.169679 0.091954 0.048048
0 0.260848 0.174211 0.091954 0.048048
0 0.618879 0.251297 0.091954 0.048048
0 0.615529 0.251033 0.091954 0.048048
0 0.618172 0.248971 0.091954 0.048048
0 0.617772 0.248575 0.091954 0.048048
0 0.626284 0.249068 0.091954 0.048048
0 0.625807 0.248592 0.091954 0.048048
0 0.624609 0.245456 0.091954 0.048048
0 0.622750 0.247412 0.091954 0.048048
0 0.622996 0.246619 0.091954 0.048048
0 0.617772 0.244064 0.091954 0.048048
0 0.607725 0.244734 0.091954 0.048048
0 0.602471 0.242470 0.091954 0.048048
0 0.601195 0.243201 0.091954 0.048048
0 0.599874 0.240514 0.091954 0.048048
0 0.604283 0.239800 0.091954 0.048048
0 0.614331 0.241659 0.091954 0.048048
0 0.612595 0.241853 0.091954 0.048048
0 0.619355 0.240531 0.091954 0.048048
0 0.623027 0.238584 0.091954 0.048048
0 0.614177 0.238584 0.091954 0.048048
0 0.612042 0.238232 0.091954 0.048048
0 0.610506 0.239880 0.091954 0.048048
0 0.608078 0.237703 0.091954 0.048048
0 0.607556 0.237642 0.091954 0.048048
0 0.606465 0.237862 0.091954 0.048048
0 0.606573 0.234893 0.091954 0.048048
0 0.611458 0.233968 0.091954 0.048048
0 0.616129 0.234717 0.091954 0.048048
0 0.618356 0.232268 0.091954 0.048048
0 0.618802 0.232391 0.091954 0.048048
0 0.619078 0.233695 0.091954 0.048048
0 0.628588 0.238540 0.091954 0.048048
0 0.630693 0.239747 0.091954 0.048048
0 0.621361 0.237585 0.091954 0.048048
0 0.623380 0.241712 0.091954 0.048048
0 0.632598 0.248539 0.091954 0.048048
0 0.626483 0.251103 0.091954 0.048048
0 0.230283 0.172588 0.091954 0.048048
0 0.231680 0.171735 0.091954 0.048048
0 0.236092 0.172743 0.091954 0.048048
0 0.237282 0.172625 0.091954 0.048048
0 0.240284 0.172350 0.091954 0.048048
0 0.240685 0.170889 0.091954 0.048048
0 0.237011 0.170243 0.091954 0.048048
0 0.237528 0.170132 0.091954 0.048048
0 0.236299 0.170444 0.091954 0.048048
0 0.237658 0.167699 0.091954 0.048048
0 0.237308 0.168114 0.091954 0.048048
0 0.235937 0.168092 0.091954 0.048048
0 0.234565 0.167691 0.091954 0.048048
0 0.231202 0.167009 0.091954 0.048048
0 0.233725 0.169368 0.091954 0.048048
0 0.233142 0.170258 0.091954 0.048048
0 0.231693 0.170570 0.091954 0.048048
0 0.231836 0.170540 0.091954 0.048048
0 0.228291 0.169123 0.091954 0.048048
0 0.225108 0.169754 0.091954 0.048048
0 0.224344 0.168233 0.091954 0.048048
0 0.223529 0.167951 0.091954 0.048048
0 0.241397 0.164924 0.091954 0.048048
0 0.237166 0.163789 0.091954 0.048048
0 0.237477 0.163967 0.091954 0.048048
0 0.232896 0.165703 0.091954 0.048048
0 0.230335 0.166719 0.091954 0.048048
0 0.222870 0.161096 0.091954 0.048048
0 0.224539 0.160235 0.091954 0.048048
0 0.223620 0.159189 0.091954 0.048048
0 0.220696 0.158410 0.091954 0.048048
0 0.220916 0.158544 0.091954 0.048048
0 0.221006 0.158640 0.091954 0.048048
0 0.222792 0.157483 0.091954 0.048048
0 0.226958 0.158380 0.091954 0.048048
0 0.230037 0.158210 0.091954 0.048048
0 0.230348 0.157668 0.091954 0.048048
0 0.238589 0.161259 0.091954 0.048048
0 0.240789 0.163470 0.091954 0.048048
0 0.234087 0.158796 0.091954 0.048048
0 0.234294 0.157668 0.091954 0.048048
0 0.223296 0.156555 0.091954 0.048048
0 0.222688 0.155264 0.091954 0.048048
0 0.220812 0.154841 0.091954 0.048048
0 0.227294 0.151050 0.091954 0.048048
0 0.233517 0.152297 0.091954 0.048048
0 0.234203 0.153959 0.091954 0.048048
0 0.232832 0.154114 0.091954 0.048048
0 0.241643 0.153543 0.091954 0.048048
0 0.242639 0.153321 0.091954 0.048048
0 0.245382 0.152972 0.091954 0.048048
0 0.244036 0.154448 0.091954 0.048048
0 0.244372 0.155146 0.091954 0.048048
0 0.234734 0.155146 0.091954 0.048048
0 0.232457 0.155123 0.091954 0.048048
0 0.240970 0.162157 0.091954 0.048048
0 0.249017 0.170369 0.091954 0.048048
0 0.251876 0.168871 0.091954 0.048048
0 0.256237 0.168923 0.091954 0.048048
0 0.261088 0.162038 0.091954 0.048048
0 0.254865 0.159642 0.091954 0.048048
0 0.257440 0.157750 0.091954 0.048048
0 0.258190 0.158084 0.091954 0.048048
0 0.248293 0.159041 0.091954 0.048048
0 0.253157 0.154752 0.091954 0.048048
0 0.250013 0.154278 0.091954 0.048048
0 0.249030 0.154678 0.091954 0.048048
0 0.237645 0.154211 0.091954 0.048048
0 0.227877 0.151985 0.091954 0.048048
0 0.602000 0.246579 0.091954 0.048048
0 0.612957 0.241160 0.091954 0.048048
0 0.608971 0.237393 0.091954 0.048048
0 0.617397 0.233851 0.091954 0.048048
0 0.619143 0.232821 0.091954 0.048048
0 0.619385 0.232931 0.091954 0.048048
0 0.616398 0.235078 0.091954 0.048048
0 0.624067 0.235726 0.091954 0.048048
0 0.622745 0.235240 0.091954 0.048048
0 0.623512 0.237508 0.091954 0.048048
0 0.619698 0.239372 0.091954 0.048048
0 0.624955 0.242305 0.091954 0.048048
0 0.624431 0.243185 0.091954 0.048048
0 0.624784 0.243260 0.091954 0.048048
0 0.626822 0.244024 0.091954 0.048048
0 0.619526 0.243312 0.091954 0.048048
0 0.621524 0.245610 0.091954 0.048048
0 0.617801 0.250175 0.091954 0.048048
0 0.618527 0.251940 0.091954 0.048048
0 0.621393 0.252559 0.091954 0.048048
0 0.622957 0.253109 0.091954 0.048048
0 0.631151 0.237208 0.091954 0.048048
0 0.632544 0.237184 0.091954 0.048048
0 0.628154 0.237503 0.091954 0.048048
0 0.628881 0.235235 0.091954 0.048048
0 0.270601 0.161692 0.091954 0.048048
0 0.271876 0.164801 0.091954 0.048048
0 0.272620 0.166752 0.091954 0.048048
0 0.269857 0.171476 0.091954 0.048048
0 0.260608 0.174493 0.091954 0.048048
0 0.241686 0.176078 0.091954 0.048048
0 0.234138 0.175133 0.091954 0.048048
0 0.226218 0.170866 0.091954 0.048048
0 0.219999 0.163643 0.091954 0.048048
0 0.218617 0.154651 0.091954 0.048048
0 0.222391 0.151421 0.091954 0.048048
0 0.232703 0.149897 0.091954 0.048048
0 0.247904 0.151390 0.091954 0.048048
0 0.256356 0.154895 0.091954 0.048048
0 0.259120 0.157425 0.091954 0.048048
0 0.262256 0.159528 0.091954 0.048048
0 0.624576 0.231964 0.091954 0.048048
0 0.616543 0.230565 0.091954 0.048048
0 0.602797 0.231111 0.091954 0.048048
0 0.600476 0.234591 0.091954 0.048048
0 0.598572 0.240904 0.091954 0.048048
0 0.600357 0.246364 0.091954 0.048048
0 0.608986 0.250834 0.091954 0.048048
0 0.618745 0.253598 0.091954 0.048048
0 0.625826 0.254587 0.091954 0.048048
0 0.632431 0.252813 0.091954 0.048048
0 0.635109 0.246261 0.091954 0.048048
0 0.635585 0.242064 0.091954 0.048048
0 0.633800 0.237014 0.091954 0.048048
0 0.228674 0.158318 0.091954 0.048048
0 0.231893 0.159149 0.091954 0.048048
0 0.232547 0.159237 0.091954 0.048048
0 0.239378 0.167645 0.091954 0.048048
0 0.611030 0.243008 0.091954 0.048048
0 0.611225 0.241260 0.091954 0.048048
0 0.607304 0.234415 0.091954 0.048048
0 0.607089 0.234480 0.091954 0.048048
0 0.612426 0.231361 0.091954 0.048048
0 0.615135 0.240712 0.091954 0.048048
0 0.616849 0.240883 0.091954 0.048048
0 0.612641 0.242566 0.091954 0.048048
0 0.611861 0.242708 0.091954 0.048048
0 0.621663 0.245956 0.091954 0.048048
0 0.621889 0.246198 0.091954 0.048048
0 0.625881 0.238211 0.091954 0.048048
0 0.616542 0.236157 0.091954 0.048048
0 0.634800 0.239635 0.091954 0.048048
0 0.634339 0.239218 0.091954 0.048048
0 0.621224 0.237501 0.091954 0.048048
0 0.609255 0.235424 0.091954 0.048048