0 0.368283 0.611970 0.091429 0.063492
0 0.366806 0.612380 0.091429 0.063492
0 0.398819 0.613609 0.091429 0.063492
0 0.359851 0.615685 0.091429 0.063492
0 0.355135 0.617597 0.091429 0.063492
0 0.374952 0.619591 0.091429 0.063492
0 0.374571 0.620083 0.091429 0.063492
0 0.386195 0.622241 0.091429 0.063492
0 0.391578 0.628223 0.091429 0.063492
0 0.808689 0.747869 0.091429 0.063492
0 0.814167 0.750901 0.091429 0.063492
0 0.780520 0.753524 0.091429 0.063492
0 0.811690 0.755491 0.091429 0.063492
0 0.802734 0.757457 0.091429 0.063492
0 0.834175 0.759916 0.091429 0.063492
0 0.371329 0.610134 0.091429 0.063492
0 0.369464 0.610700 0.091429 0.063492
0 0.369054 0.610703 0.091429 0.063492
0 0.367730 0.611329 0.091429 0.063492
0 0.367694 0.611469 0.091429 0.063492
0 0.359726 0.614287 0.091429 0.063492
0 0.359824 0.614774 0.091429 0.063492
0 0.387674 0.613565 0.091429 0.063492
0 0.400842 0.619487 0.091429 0.063492
0 0.399857 0.620497 0.091429 0.063492
0 0.391984 0.628997 0.091429 0.063492
0 0.843033 0.752035 0.091429 0.063492
0 0.814436 0.752245 0.091429 0.063492
0 0.817430 0.750134 0.091429 0.063492
0 0.821419 0.749574 0.091429 0.063492
0 0.825471 0.749014 0.091429 0.063492
0 0.822700 0.765070 0.091429 0.063492
0 0.822785 0.765781 0.091429 0.063492
0 0.817392 0.764657 0.091429 0.063492
0 0.814619 0.760889 0.091429 0.063492
0 0.801266 0.767432 0.091429 0.063492
0 0.797734 0.762617 0.091429 0.063492
0 0.780989 0.767070 0.091429 0.063492
0 0.777033 0.768407 0.091429 0.063492
0 0.770333 0.765342 0.091429 0.063492
0 0.761881 0.762691 0.091429 0.063492
0 0.762156 0.762667 0.091429 0.063492
0 0.774893 0.759807 0.091429 0.063492
0 0.759092 0.756562 0.091429 0.063492
0 0.760968 0.752783 0.091429 0.063492
0 0.772514 0.752139 0.091429 0.063492
0 0.768891 0.750084 0.091429 0.063492
0 0.765126 0.747510 0.091429 0.063492
0 0.766095 0.746185 0.091429 0.063492
0 0.766175 0.744087 0.091429 0.063492
0 0.762724 0.744612 0.091429 0.063492
0 0.769602 0.742156 0.091429 0.063492
0 0.784586 0.745516 0.091429 0.063492
0 0.789347 0.745344 0.091429 0.063492
0 0.795747 0.744161 0.091429 0.063492
0 0.776051 0.745198 0.091429 0.063492
0 0.781861 0.746322 0.091429 0.063492
0 0.804361 0.735468 0.091429 0.063492
0 0.804943 0.735899 0.091429 0.063492
0 0.835378 0.741836 0.091429 0.063492
0 0.801778 0.755529 0.091429 0.063492
0 0.810494 0.755270 0.091429 0.063492
0 0.793147 0.750768 0.091429 0.063492
0 0.803009 0.749570 0.091429 0.063492
0 0.768847 0.756937 0.091429 0.063492
0 0.795949 0.743173 0.091429 0.063492
0 0.365390 0.615001 0.091429 0.063492
0 0.783986 0.741697 0.091429 0.063492
0 0.781425 0.742916 0.091429 0.063492
0 0.784824 0.748790 0.091429 0.063492
0 0.384146 0.609566 0.091429 0.063492
0 0.387195 0.610795 0.091429 0.063492
0 0.377572 0.612544 0.091429 0.063492
0 0.378287 0.612544 0.091429 0.063492
0 0.382288 0.613145 0.091429 0.063492
0 0.365866 0.613903 0.091429 0.063492
0 0.380431 0.615084 0.091429 0.063492
0 0.392197 0.609512 0.091429 0.063492
0 0.395008 0.613391 0.091429 0.063492
0 0.376381 0.615658 0.091429 0.063492
0 0.382622 0.615740 0.091429 0.063492
0 0.359184 0.616122 0.091429 0.063492
0 0.376000 0.616095 0.091429 0.063492
0 0.384099 0.616559 0.091429 0.063492
0 0.375762 0.618690 0.091429 0.063492
0 0.380335 0.619182 0.091429 0.063492
0 0.371380 0.619810 0.091429 0.063492
0 0.374571 0.620493 0.091429 0.063492
0 0.383527 0.621585 0.091429 0.063492
0 0.381288 0.621777 0.091429 0.063492
0 0.382003 0.621859 0.091429 0.063492
0 0.387147 0.623907 0.091429 0.063492
0 0.373476 0.624181 0.091429 0.063492
0 0.381526 0.624454 0.091429 0.063492
0 0.380764 0.625082 0.091429 0.063492
0 0.385242 0.626120 0.091429 0.063492
0 0.367235 0.626202 0.091429 0.063492
0 0.386242 0.626257 0.091429 0.063492
0 0.379573 0.626776 0.091429 0.063492
0 0.385766 0.626803 0.091429 0.063492
0 0.379335 0.627322 0.091429 0.063492
0 0.388529 0.627677 0.091429 0.063492
0 0.383051 0.628742 0.091429 0.063492
0 0.380526 0.629097 0.091429 0.063492
0 0.373544 0.629320 0.091429 0.063492
0 0.368569 0.630409 0.091429 0.063492
0 0.368760 0.631365 0.091429 0.063492
0 0.371522 0.632239 0.091429 0.063492
0 0.387338 0.632485 0.091429 0.063492
0 0.380050 0.633140 0.091429 0.063492
0 0.377858 0.634506 0.091429 0.063492
0 0.379859 0.634861 0.091429 0.063492
0 0.398962 0.616587 0.091429 0.063492
0 0.392102 0.617461 0.091429 0.063492
0 0.395532 0.622951 0.091429 0.063492
0 0.396913 0.623962 0.091429 0.063492
0 0.390276 0.629944 0.091429 0.063492
0 0.768054 0.742761 0.091429 0.063492
0 0.778678 0.743854 0.091429 0.063492
0 0.778249 0.744072 0.091429 0.063492
0 0.766959 0.744646 0.091429 0.063492
0 0.776820 0.745056 0.091429 0.063492
0 0.766435 0.747023 0.091429 0.063492
0 0.778868 0.747268 0.091429 0.063492
0 0.767340 0.748142 0.091429 0.063492
0 0.768007 0.748880 0.091429 0.063492
0 0.778773 0.750765 0.091429 0.063492
0 0.778106 0.751530 0.091429 0.063492
0 0.765768 0.751885 0.091429 0.063492
0 0.761338 0.753660 0.091429 0.063492
0 0.761433 0.754179 0.091429 0.063492
0 0.770865 0.758932 0.091429 0.063492
0 0.812929 0.740139 0.091429 0.063492
0 0.814977 0.740357 0.091429 0.063492
0 0.808975 0.740740 0.091429 0.063492
0 0.793683 0.741237 0.091429 0.063492
0 0.811293 0.741272 0.091429 0.063492
0 0.790539 0.741477 0.091429 0.063492
0 0.790063 0.741696 0.091429 0.063492
0 0.784680 0.741832 0.091429 0.063492
0 0.782489 0.741860 0.091429 0.063492
0 0.786824 0.742160 0.091429 0.063492
0 0.781679 0.742242 0.091429 0.063492
0 0.800114 0.743635 0.091429 0.063492
0 0.817264 0.743663 0.091429 0.063492
0 0.783155 0.743936 0.091429 0.063492
0 0.782203 0.744209 0.091429 0.063492
0 0.813215 0.744482 0.091429 0.063492
0 0.785823 0.744564 0.091429 0.063492
0 0.789491 0.744673 0.091429 0.063492
0 0.790873 0.744810 0.091429 0.063492
0 0.794684 0.744837 0.091429 0.063492
0 0.792588 0.744974 0.091429 0.063492
0 0.785918 0.745083 0.091429 0.063492
0 0.782298 0.745329 0.091429 0.063492
0 0.821789 0.745547 0.091429 0.063492
0 0.792207 0.745957 0.091429 0.063492
0 0.782870 0.746039 0.091429 0.063492
0 0.803544 0.746039 0.091429 0.063492
0 0.802734 0.746203 0.091429 0.063492
0 0.816835 0.746285 0.091429 0.063492
0 0.798256 0.746558 0.091429 0.063492
0 0.798876 0.747077 0.091429 0.063492
0 0.810737 0.747705 0.091429 0.063492
0 0.826362 0.748935 0.091429 0.063492
0 0.802210 0.749290 0.091429 0.063492
0 0.813453 0.749344 0.091429 0.063492
0 0.801972 0.749590 0.091429 0.063492
0 0.783013 0.749645 0.091429 0.063492
0 0.815168 0.750137 0.091429 0.063492
0 0.804259 0.750382 0.091429 0.063492
0 0.813119 0.750355 0.091429 0.063492
0 0.811785 0.750464 0.091429 0.063492
0 0.816978 0.750901 0.091429 0.063492
0 0.813024 0.751093 0.091429 0.063492
0 0.834604 0.751120 0.091429 0.063492
0 0.835795 0.751175 0.091429 0.063492
0 0.838367 0.751339 0.091429 0.063492
0 0.838748 0.751666 0.091429 0.063492
0 0.785918 0.751803 0.091429 0.063492
0 0.820979 0.753278 0.091429 0.063492
0 0.792683 0.753824 0.091429 0.063492
0 0.838986 0.754644 0.091429 0.063492
0 0.808498 0.755354 0.091429 0.063492
0 0.836795 0.755381 0.091429 0.063492
0 0.807832 0.755709 0.091429 0.063492
0 0.806260 0.756064 0.091429 0.063492
0 0.837748 0.756119 0.091429 0.063492
0 0.836557 0.756774 0.091429 0.063492
0 0.835032 0.756884 0.091429 0.063492
0 0.833794 0.757184 0.091429 0.063492
0 0.786442 0.757539 0.091429 0.063492
0 0.784918 0.757922 0.091429 0.063492
0 0.793397 0.758304 0.091429 0.063492
0 0.802306 0.759561 0.091429 0.063492
0 0.796827 0.762675 0.091429 0.063492
0 0.809737 0.763713 0.091429 0.063492
0 0.785823 0.764450 0.091429 0.063492
0 0.816168 0.764396 0.091429 0.063492
0 0.795208 0.765625 0.091429 0.063492
0 0.809308 0.765844 0.091429 0.063492
0 0.780917 0.766363 0.091429 0.063492
0 0.811261 0.767319 0.091429 0.063492
0 0.796609 0.736110 0.091429 0.063492
0 0.797655 0.735737 0.091429 0.063492
0 0.798153 0.735519 0.091429 0.063492
0 0.800729 0.735562 0.091429 0.063492
0 0.801137 0.735475 0.091429 0.063492
0 0.801525 0.736440 0.091429 0.063492
0 0.803699 0.736595 0.091429 0.063492
0 0.804592 0.736726 0.091429 0.063492
0 0.803284 0.735411 0.091429 0.063492
0 0.803921 0.735753 0.091429 0.063492
0 0.803837 0.736209 0.091429 0.063492
0 0.804191 0.736332 0.091429 0.063492
0 0.804294 0.735967 0.091429 0.063492
0 0.805548 0.736205 0.091429 0.063492
0 0.806455 0.736837 0.091429 0.063492
0 0.807015 0.736789 0.091429 0.063492
0 0.806992 0.739813 0.091429 0.063492
0 0.808820 0.739261 0.091429 0.063492
0 0.809431 0.738551 0.091429 0.063492
0 0.814964 0.737066 0.091429 0.063492
0 0.816939 0.737198 0.091429 0.063492
0 0.817747 0.737554 0.091429 0.063492
0 0.813097 0.740016 0.091429 0.063492
0 0.815018 0.740564 0.091429 0.063492
0 0.816802 0.740628 0.091429 0.063492
0 0.817719 0.740414 0.091429 0.063492
0 0.819071 0.737728 0.091429 0.063492
0 0.821815 0.738485 0.091429 0.063492
0 0.821384 0.738445 0.091429 0.063492
0 0.820198 0.738269 0.091429 0.063492
0 0.822635 0.739425 0.091429 0.063492
0 0.814243 0.740715 0.091429 0.063492
0 0.822311 0.740171 0.091429 0.063492
0 0.824522 0.741547 0.091429 0.063492
0 0.825420 0.741594 0.091429 0.063492
0 0.827191 0.742475 0.091429 0.063492
0 0.826967 0.742562 0.091429 0.063492
0 0.827528 0.742356 0.091429 0.063492
0 0.828909 0.742136 0.091429 0.063492
0 0.829075 0.741758 0.091429 0.063492
0 0.828847 0.741505 0.091429 0.063492
0 0.828894 0.741276 0.091429 0.063492
0 0.829049 0.740773 0.091429 0.063492
0 0.829132 0.740427 0.091429 0.063492
0 0.826890 0.743541 0.091429 0.063492
0 0.826796 0.743008 0.091429 0.063492
0 0.826194 0.743246 0.091429 0.063492
0 0.824189 0.743551 0.091429 0.063492
0 0.822095 0.744557 0.091429 0.063492
0 0.836024 0.741923 0.091429 0.063492
0 0.833616 0.742027 0.091429 0.063492
0 0.829715 0.743477 0.091429 0.063492
0 0.831959 0.742291 0.091429 0.063492
0 0.830259 0.743417 0.091429 0.063492
0 0.829260 0.744392 0.091429 0.063492
0 0.829880 0.744153 0.091429 0.063492
0 0.830418 0.743877 0.091429 0.063492
0 0.830780 0.743612 0.091429 0.063492
0 0.830637 0.744631 0.091429 0.063492
0 0.830884 0.744600 0.091429 0.063492
0 0.831767 0.744185 0.091429 0.063492
0 0.828249 0.745276 0.091429 0.063492
0 0.828640 0.746305 0.091429 0.063492
0 0.830147 0.746019 0.091429 0.063492
0 0.830673 0.745655 0.091429 0.063492
0 0.831773 0.745490 0.091429 0.063492
0 0.832126 0.745459 0.091429 0.063492
0 0.831996 0.745213 0.091429 0.063492
0 0.831584 0.745077 0.091429 0.063492
0 0.831556 0.744716 0.091429 0.063492
0 0.832999 0.744390 0.091429 0.063492
0 0.832755 0.744890 0.091429 0.063492
0 0.832131 0.745823 0.091429 0.063492
0 0.829133 0.746746 0.091429 0.063492
0 0.828135 0.747054 0.091429 0.063492
0 0.827463 0.747048 0.091429 0.063492
0 0.831893 0.746631 0.091429 0.063492
0 0.833156 0.746404 0.091429 0.063492
0 0.833199 0.746578 0.091429 0.063492
0 0.834164 0.746040 0.091429 0.063492
0 0.834929 0.746040 0.091429 0.063492
0 0.834804 0.746233 0.091429 0.063492
0 0.835449 0.746143 0.091429 0.063492
0 0.835178 0.746594 0.091429 0.063492
0 0.836604 0.746292 0.091429 0.063492
0 0.837488 0.746131 0.091429 0.063492
0 0.839826 0.747592 0.091429 0.063492
0 0.827829 0.747887 0.091429 0.063492
0 0.828369 0.747585 0.091429 0.063492
0 0.832023 0.750469 0.091429 0.063492
0 0.832695 0.750590 0.091429 0.063492
0 0.834301 0.750896 0.091429 0.063492
0 0.836119 0.750522 0.091429 0.063492
0 0.836626 0.750760 0.091429 0.063492
0 0.842116 0.751903 0.091429 0.063492
0 0.842326 0.752085 0.091429 0.063492
0 0.842887 0.751698 0.091429 0.063492
0 0.841428 0.751724 0.091429 0.063492
0 0.840681 0.751684 0.091429 0.063492
0 0.842341 0.752742 0.091429 0.063492
0 0.841818 0.753226 0.091429 0.063492
0 0.841854 0.753447 0.091429 0.063492
0 0.842083 0.753664 0.091429 0.063492
0 0.843431 0.753981 0.091429 0.063492
0 0.838326 0.756324 0.091429 0.063492
0 0.842775 0.757746 0.091429 0.063492
0 0.833323 0.757765 0.091429 0.063492
0 0.833686 0.758528 0.091429 0.063492
0 0.835896 0.762000 0.091429 0.063492
0 0.834258 0.762000 0.091429 0.063492
0 0.833990 0.762195 0.091429 0.063492
0 0.832065 0.761626 0.091429 0.063492
0 0.826770 0.761852 0.091429 0.063492
0 0.827682 0.761495 0.091429 0.063492
0 0.830053 0.760979 0.091429 0.063492
0 0.827130 0.760669 0.091429 0.063492
0 0.830191 0.766356 0.091429 0.063492
0 0.830725 0.765368 0.091429 0.063492
0 0.827741 0.765624 0.091429 0.063492
0 0.821141 0.766221 0.091429 0.063492
0 0.819689 0.766702 0.091429 0.063492
0 0.816965 0.768829 0.091429 0.063492
0 0.817986 0.767190 0.091429 0.063492
0 0.817991 0.766910 0.091429 0.063492
0 0.814462 0.764145 0.091429 0.063492
0 0.813241 0.770372 0.091429 0.063492
0 0.811065 0.770192 0.091429 0.063492
0 0.800162 0.769126 0.091429 0.063492
0 0.802852 0.769019 0.091429 0.063492
0 0.805314 0.768903 0.091429 0.063492
0 0.806082 0.768739 0.091429 0.063492
0 0.804943 0.768168 0.091429 0.063492
0 0.804820 0.767889 0.091429 0.063492
0 0.803699 0.764860 0.091429 0.063492
0 0.804046 0.763958 0.091429 0.063492
0 0.804565 0.763791 0.091429 0.063492
0 0.804810 0.763634 0.091429 0.063492
0 0.805227 0.763883 0.091429 0.063492
0 0.804776 0.763092 0.091429 0.063492
0 0.804383 0.763092 0.091429 0.063492
0 0.804263 0.762513 0.091429 0.063492
0 0.809577 0.763262 0.091429 0.063492
0 0.807843 0.762438 0.091429 0.063492
0 0.807553 0.761826 0.091429 0.063492
0 0.819891 0.761094 0.091429 0.063492
0 0.823044 0.764546 0.091429 0.063492
0 0.827090 0.760217 0.091429 0.063492
0 0.829423 0.759009 0.091429 0.063492
0 0.828967 0.756930 0.091429 0.063492
0 0.826613 0.755996 0.091429 0.063492
0 0.827478 0.755566 0.091429 0.063492
0 0.828839 0.754011 0.091429 0.063492
0 0.827204 0.749080 0.091429 0.063492
0 0.819977 0.749040 0.091429 0.063492
0 0.820451 0.749697 0.091429 0.063492
0 0.820395 0.749356 0.091429 0.063492
0 0.820669 0.749082 0.091429 0.063492
0 0.819700 0.750185 0.091429 0.063492
0 0.816818 0.750581 0.091429 0.063492
0 0.816171 0.749817 0.091429 0.063492
0 0.814668 0.749673 0.091429 0.063492
0 0.820687 0.752645 0.091429 0.063492
0 0.820073 0.752127 0.091429 0.063492
0 0.818974 0.751978 0.091429 0.063492
0 0.822061 0.756393 0.091429 0.063492
0 0.821896 0.755188 0.091429 0.063492
0 0.813315 0.755806 0.091429 0.063492
0 0.815987 0.758220 0.091429 0.063492
0 0.815922 0.758578 0.091429 0.063492
0 0.815527 0.758578 0.091429 0.063492
0 0.816641 0.757762 0.091429 0.063492
0 0.806303 0.756876 0.091429 0.063492
0 0.804763 0.756241 0.091429 0.063492
0 0.810146 0.754749 0.091429 0.063492
0 0.810281 0.754488 0.091429 0.063492
0 0.811141 0.755225 0.091429 0.063492
0 0.815289 0.760856 0.091429 0.063492
0 0.814175 0.760536 0.091429 0.063492
0 0.811331 0.760463 0.091429 0.063492
0 0.812233 0.761002 0.091429 0.063492
0 0.811175 0.759789 0.091429 0.063492
0 0.809583 0.759447 0.091429 0.063492
0 0.811002 0.757402 0.091429 0.063492
0 0.808421 0.759207 0.091429 0.063492
0 0.807396 0.760530 0.091429 0.063492
0 0.806989 0.760108 0.091429 0.063492
0 0.806634 0.760421 0.091429 0.063492
0 0.806119 0.760551 0.091429 0.063492
0 0.804065 0.759862 0.091429 0.063492
0 0.804050 0.759315 0.091429 0.063492
0 0.806000 0.759488 0.091429 0.063492
0 0.815386 0.754873 0.091429 0.063492
0 0.814925 0.753736 0.091429 0.063492
0 0.814327 0.753108 0.091429 0.063492
0 0.814149 0.752834 0.091429 0.063492
0 0.813815 0.752157 0.091429 0.063492
0 0.815850 0.752318 0.091429 0.063492
0 0.815648 0.752046 0.091429 0.063492
0 0.816487 0.752063 0.091429 0.063492
0 0.815640 0.751653 0.091429 0.063492
0 0.815505 0.751463 0.091429 0.063492
0 0.814278 0.751581 0.091429 0.063492
0 0.813123 0.751595 0.091429 0.063492
0 0.814953 0.751258 0.091429 0.063492
0 0.814754 0.750856 0.091429 0.063492
0 0.815753 0.750433 0.091429 0.063492
0 0.812257 0.750301 0.091429 0.063492
0 0.811067 0.750922 0.091429 0.063492
0 0.810640 0.751521 0.091429 0.063492
0 0.810010 0.751674 0.091429 0.063492
0 0.810933 0.750190 0.091429 0.063492
0 0.811063 0.749819 0.091429 0.063492
0 0.811171 0.749958 0.091429 0.063492
0 0.811017 0.749499 0.091429 0.063492
0 0.812411 0.749371 0.091429 0.063492
0 0.815978 0.748340 0.091429 0.063492
0 0.816787 0.747401 0.091429 0.063492
0 0.817023 0.747260 0.091429 0.063492
0 0.817897 0.746553 0.091429 0.063492
0 0.815445 0.746332 0.091429 0.063492
0 0.816298 0.745909 0.091429 0.063492
0 0.816893 0.745460 0.091429 0.063492
0 0.816207 0.744872 0.091429 0.063492
0 0.817905 0.744679 0.091429 0.063492
0 0.811041 0.746739 0.091429 0.063492
0 0.813552 0.745635 0.091429 0.063492
0 0.811011 0.744403 0.091429 0.063492
0 0.814889 0.743638 0.091429 0.063492
0 0.814077 0.743870 0.091429 0.063492
0 0.811531 0.743802 0.091429 0.063492
0 0.810088 0.742763 0.091429 0.063492
0 0.819587 0.743162 0.091429 0.063492
0 0.818680 0.742405 0.091429 0.063492
0 0.818302 0.742107 0.091429 0.063492
0 0.807364 0.741349 0.091429 0.063492
0 0.802458 0.742386 0.091429 0.063492
0 0.807827 0.743412 0.091429 0.063492
0 0.807453 0.744050 0.091429 0.063492
0 0.808122 0.745298 0.091429 0.063492
0 0.804663 0.745531 0.091429 0.063492
0 0.803382 0.745455 0.091429 0.063492
0 0.802285 0.746782 0.091429 0.063492
0 0.802827 0.746955 0.091429 0.063492
0 0.806111 0.746678 0.091429 0.063492
0 0.797830 0.747020 0.091429 0.063492
0 0.798933 0.745440 0.091429 0.063492
0 0.799435 0.745182 0.091429 0.063492
0 0.796321 0.746848 0.091429 0.063492
0 0.795894 0.747752 0.091429 0.063492
0 0.794538 0.747817 0.091429 0.063492
0 0.795669 0.746614 0.091429 0.063492
0 0.802692 0.749910 0.091429 0.063492
0 0.804221 0.750160 0.091429 0.063492
0 0.804645 0.750724 0.091429 0.063492
0 0.805883 0.751250 0.091429 0.063492
0 0.806366 0.751083 0.091429 0.063492
0 0.806981 0.755090 0.091429 0.063492
0 0.811404 0.756530 0.091429 0.063492
0 0.801632 0.759480 0.091429 0.063492
0 0.801994 0.758887 0.091429 0.063492
0 0.803007 0.757789 0.091429 0.063492
0 0.799229 0.757794 0.091429 0.063492
0 0.797745 0.757120 0.091429 0.063492
0 0.801445 0.756406 0.091429 0.063492
0 0.800495 0.755743 0.091429 0.063492
0 0.803159 0.756417 0.091429 0.063492
0 0.803800 0.756956 0.091429 0.063492
0 0.800022 0.752898 0.091429 0.063492
0 0.799072 0.752627 0.091429 0.063492
0 0.798289 0.752719 0.091429 0.063492
0 0.796892 0.750749 0.091429 0.063492
0 0.794590 0.751297 0.091429 0.063492
0 0.793898 0.750728 0.091429 0.063492
0 0.793665 0.750956 0.091429 0.063492
0 0.792541 0.772106 0.091429 0.063492
0 0.791166 0.770187 0.091429 0.063492
0 0.789800 0.769864 0.091429 0.063492
0 0.790658 0.769211 0.091429 0.063492
0 0.790063 0.769325 0.091429 0.063492
0 0.792047 0.768711 0.091429 0.063492
0 0.786155 0.769198 0.091429 0.063492
0 0.785965 0.771397 0.091429 0.063492
0 0.794393 0.765310 0.091429 0.063492
0 0.797263 0.764355 0.091429 0.063492
0 0.797574 0.763406 0.091429 0.063492
0 0.798256 0.763271 0.091429 0.063492
0 0.797313 0.762425 0.091429 0.063492
0 0.798266 0.762089 0.091429 0.063492
0 0.797829 0.762258 0.091429 0.063492
0 0.793280 0.764183 0.091429 0.063492
0 0.800741 0.761295 0.091429 0.063492
0 0.783182 0.761706 0.091429 0.063492
0 0.785053 0.761290 0.091429 0.063492
0 0.785607 0.758426 0.091429 0.063492
0 0.785229 0.757466 0.091429 0.063492
0 0.784979 0.757112 0.091429 0.063492
0 0.786796 0.755688 0.091429 0.063492
0 0.787012 0.755267 0.091429 0.063492
0 0.786773 0.755375 0.091429 0.063492
0 0.788355 0.755254 0.091429 0.063492
0 0.788397 0.754912 0.091429 0.063492
0 0.788218 0.755620 0.091429 0.063492
0 0.782209 0.755802 0.091429 0.063492
0 0.781936 0.755303 0.091429 0.063492
0 0.783005 0.754929 0.091429 0.063492
0 0.783681 0.755091 0.091429 0.063492
0 0.782899 0.754404 0.091429 0.063492
0 0.786506 0.751661 0.091429 0.063492
0 0.786439 0.751464 0.091429 0.063492
0 0.785740 0.751522 0.091429 0.063492
0 0.785571 0.751268 0.091429 0.063492
0 0.787747 0.750171 0.091429 0.063492
0 0.788462 0.750474 0.091429 0.063492
0 0.789619 0.750642 0.091429 0.063492
0 0.789550 0.749536 0.091429 0.063492
0 0.790768 0.749394 0.091429 0.063492
0 0.792244 0.750076 0.091429 0.063492
0 0.791703 0.750191 0.091429 0.063492
0 0.792049 0.750635 0.091429 0.063492
0 0.793948 0.750298 0.091429 0.063492
0 0.785866 0.746651 0.091429 0.063492
0 0.790475 0.747390 0.091429 0.063492
0 0.791779 0.746499 0.091429 0.063492
0 0.790956 0.744375 0.091429 0.063492
0 0.789096 0.744589 0.091429 0.063492
0 0.789449 0.744420 0.091429 0.063492
0 0.791221 0.744285 0.091429 0.063492
0 0.793731 0.743928 0.091429 0.063492
0 0.793955 0.744291 0.091429 0.063492
0 0.795069 0.743673 0.091429 0.063492
0 0.796382 0.744151 0.091429 0.063492
0 0.793778 0.743320 0.091429 0.063492
0 0.798978 0.740599 0.091429 0.063492
0 0.799515 0.740872 0.091429 0.063492
0 0.796941 0.739566 0.091429 0.063492
0 0.797711 0.739447 0.091429 0.063492
0 0.795056 0.739929 0.091429 0.063492
0 0.791840 0.738248 0.091429 0.063492
0 0.793360 0.738590 0.091429 0.063492
0 0.794209 0.738166 0.091429 0.063492
0 0.794981 0.737636 0.091429 0.063492
0 0.789330 0.741728 0.091429 0.063492
0 0.788783 0.742063 0.091429 0.063492
0 0.786764 0.742782 0.091429 0.063492
0 0.785981 0.742955 0.091429 0.063492
0 0.786027 0.743979 0.091429 0.063492
0 0.786283 0.743916 0.091429 0.063492
0 0.784319 0.742420 0.091429 0.063492
0 0.785704 0.740948 0.091429 0.063492
0 0.783504 0.742083 0.091429 0.063492
0 0.781490 0.743194 0.091429 0.063492
0 0.783043 0.744292 0.091429 0.063492
0 0.782865 0.744733 0.091429 0.063492
0 0.782936 0.744973 0.091429 0.063492
0 0.779703 0.747184 0.091429 0.063492
0 0.777935 0.747711 0.091429 0.063492
0 0.777887 0.749490 0.091429 0.063492
0 0.783449 0.749768 0.091429 0.063492
0 0.782492 0.749470 0.091429 0.063492
0 0.782525 0.749183 0.091429 0.063492
0 0.782352 0.750119 0.091429 0.063492
0 0.779860 0.750595 0.091429 0.063492
0 0.779436 0.751981 0.091429 0.063492
0 0.779493 0.751705 0.091429 0.063492
0 0.777708 0.751839 0.091429 0.063492
0 0.774877 0.752103 0.091429 0.063492
0 0.776147 0.751939 0.091429 0.063492
0 0.775416 0.752314 0.091429 0.063492
0 0.774187 0.752606 0.091429 0.063492
0 0.777293 0.755920 0.091429 0.063492
0 0.770582 0.753716 0.091429 0.063492
0 0.780062 0.758347 0.091429 0.063492
0 0.780416 0.759204 0.091429 0.063492
0 0.779066 0.757069 0.091429 0.063492
0 0.778801 0.757554 0.091429 0.063492
0 0.780906 0.759851 0.091429 0.063492
0 0.780409 0.761162 0.091429 0.063492
0 0.780456 0.760629 0.091429 0.063492
0 0.780942 0.760683 0.091429 0.063492
0 0.779577 0.762887 0.091429 0.063492
0 0.778937 0.764546 0.091429 0.063492
0 0.777563 0.764149 0.091429 0.063492
0 0.778450 0.763591 0.091429 0.063492
0 0.778864 0.763359 0.091429 0.063492
0 0.776925 0.763507 0.091429 0.063492
0 0.776619 0.762072 0.091429 0.063492
0 0.774602 0.760758 0.091429 0.063492
0 0.773850 0.759517 0.091429 0.063492
0 0.774292 0.759131 0.091429 0.063492
0 0.772501 0.758428 0.091429 0.063492
0 0.771365 0.757324 0.091429 0.063492
0 0.770601 0.757965 0.091429 0.063492
0 0.769697 0.758031 0.091429 0.063492
0 0.774233 0.762447 0.091429 0.063492
0 0.770713 0.764131 0.091429 0.063492
0 0.775344 0.766073 0.091429 0.063492
0 0.775060 0.765578 0.091429 0.063492
0 0.774477 0.765798 0.091429 0.063492
0 0.769686 0.764800 0.091429 0.063492
0 0.769964 0.765785 0.091429 0.063492
0 0.772548 0.767725 0.091429 0.063492
0 0.773256 0.768080 0.091429 0.063492
0 0.775738 0.768198 0.091429 0.063492
0 0.777964 0.768080 0.091429 0.063492
0 0.779486 0.768769 0.091429 0.063492
0 0.780387 0.768685 0.091429 0.063492
0 0.780888 0.769386 0.091429 0.063492
0 0.783064 0.768224 0.091429 0.063492
0 0.784255 0.768852 0.091429 0.063492
0 0.782355 0.769076 0.091429 0.063492
0 0.781743 0.769489 0.091429 0.063492
0 0.782247 0.768767 0.091429 0.063492
0 0.782252 0.771370 0.091429 0.063492
0 0.781861 0.772764 0.091429 0.063492
0 0.780232 0.772891 0.091429 0.063492
0 0.778796 0.771045 0.091429 0.063492
0 0.773041 0.771557 0.091429 0.063492
0 0.772211 0.771322 0.091429 0.063492
0 0.770523 0.770033 0.091429 0.063492
0 0.769922 0.769389 0.091429 0.063492
0 0.763635 0.767284 0.091429 0.063492
0 0.765124 0.765604 0.091429 0.063492
0 0.767686 0.764971 0.091429 0.063492
0 0.764503 0.768241 0.091429 0.063492
0 0.765990 0.761724 0.091429 0.063492
0 0.761825 0.761309 0.091429 0.063492
0 0.762236 0.760511 0.091429 0.063492
0 0.762017 0.757351 0.091429 0.063492
0 0.768171 0.756476 0.091429 0.063492
0 0.768442 0.755298 0.091429 0.063492
0 0.767916 0.754648 0.091429 0.063492
0 0.765545 0.755096 0.091429 0.063492
0 0.765606 0.754546 0.091429 0.063492
0 0.763704 0.753348 0.091429 0.063492
0 0.762665 0.754009 0.091429 0.063492
0 0.762885 0.753844 0.091429 0.063492
0 0.759116 0.752201 0.091429 0.063492
0 0.765875 0.752472 0.091429 0.063492
0 0.765479 0.752361 0.091429 0.063492
0 0.764650 0.752417 0.091429 0.063492
0 0.765341 0.751765 0.091429 0.063492
0 0.763646 0.750573 0.091429 0.063492
0 0.764921 0.750776 0.091429 0.063492
0 0.764032 0.749878 0.091429 0.063492
0 0.761574 0.749948 0.091429 0.063492
0 0.770357 0.750818 0.091429 0.063492
0 0.768990 0.749598 0.091429 0.063492
0 0.766455 0.747570 0.091429 0.063492
0 0.766260 0.747296 0.091429 0.063492
0 0.767364 0.747062 0.091429 0.063492
0 0.767299 0.746898 0.091429 0.063492
0 0.764691 0.746303 0.091429 0.063492
0 0.765753 0.743431 0.091429 0.063492
0 0.769360 0.743214 0.091429 0.063492
0 0.771236 0.745119 0.091429 0.063492
0 0.771248 0.744556 0.091429 0.063492
0 0.773058 0.744714 0.091429 0.063492
0 0.773257 0.744642 0.091429 0.063492
0 0.773553 0.746399 0.091429 0.063492
0 0.774482 0.746243 0.091429 0.063492
0 0.776757 0.746503 0.091429 0.063492
0 0.776305 0.746274 0.091429 0.063492
0 0.775902 0.744960 0.091429 0.063492
0 0.776938 0.745351 0.091429 0.063492
0 0.395474 0.609299 0.091429 0.063492
0 0.392096 0.610298 0.091429 0.063492
0 0.395343 0.609820 0.091429 0.063492
0 0.391877 0.609751 0.091429 0.063492
0 0.395863 0.610326 0.091429 0.063492
0 0.396509 0.610806 0.091429 0.063492
0 0.397237 0.610847 0.091429 0.063492
0 0.399208 0.611042 0.091429 0.063492
0 0.398913 0.611842 0.091429 0.063492
0 0.399077 0.612100 0.091429 0.063492
0 0.391488 0.612489 0.091429 0.063492
0 0.391816 0.612116 0.091429 0.063492
0 0.391455 0.612153 0.091429 0.063492
0 0.391116 0.612517 0.091429 0.063492
0 0.398648 0.612514 0.091429 0.063492
0 0.399087 0.614302 0.091429 0.063492
0 0.398405 0.614196 0.091429 0.063492
0 0.398850 0.612992 0.091429 0.063492
0 0.397014 0.612885 0.091429 0.063492
0 0.395931 0.612976 0.091429 0.063492
0 0.394021 0.614285 0.091429 0.063492
0 0.392818 0.615417 0.091429 0.063492
0 0.389515 0.614423 0.091429 0.063492
0 0.389332 0.614695 0.091429 0.063492
0 0.389505 0.614914 0.091429 0.063492
0 0.392386 0.616429 0.091429 0.063492
0 0.392842 0.616337 0.091429 0.063492
0 0.393328 0.617621 0.091429 0.063492
0 0.394742 0.617938 0.091429 0.063492
0 0.395982 0.618001 0.091429 0.063492
0 0.400463 0.617992 0.091429 0.063492
0 0.400215 0.618401 0.091429 0.063492
0 0.401608 0.618860 0.091429 0.063492
0 0.400644 0.618762 0.091429 0.063492
0 0.401225 0.619512 0.091429 0.063492
0 0.401051 0.620387 0.091429 0.063492
0 0.399044 0.620481 0.091429 0.063492
0 0.400169 0.620668 0.091429 0.063492
0 0.403333 0.621766 0.091429 0.063492
0 0.402373 0.622818 0.091429 0.063492
0 0.393999 0.619588 0.091429 0.063492
0 0.393659 0.619796 0.091429 0.063492
0 0.393318 0.619944 0.091429 0.063492
0 0.390587 0.621440 0.091429 0.063492
0 0.391004 0.621154 0.091429 0.063492
0 0.390981 0.621976 0.091429 0.063492
0 0.391530 0.621818 0.091429 0.063492
0 0.391363 0.621544 0.091429 0.063492
0 0.389357 0.621648 0.091429 0.063492
0 0.388490 0.621375 0.091429 0.063492
0 0.389125 0.621261 0.091429 0.063492
0 0.389488 0.621240 0.091429 0.063492
0 0.388227 0.621758 0.091429 0.063492
0 0.387215 0.621750 0.091429 0.063492
0 0.387093 0.621651 0.091429 0.063492
0 0.388699 0.620748 0.091429 0.063492
0 0.388227 0.620917 0.091429 0.063492
0 0.387242 0.621211 0.091429 0.063492
0 0.387587 0.621016 0.091429 0.063492
0 0.387276 0.619516 0.091429 0.063492
0 0.386824 0.619537 0.091429 0.063492
0 0.386042 0.621702 0.091429 0.063492
0 0.387534 0.622564 0.091429 0.063492
0 0.388748 0.622614 0.091429 0.063492
0 0.393204 0.623290 0.091429 0.063492
0 0.397117 0.622056 0.091429 0.063492
0 0.394651 0.622558 0.091429 0.063492
0 0.394986 0.622617 0.091429 0.063492
0 0.396303 0.623377 0.091429 0.063492
0 0.396539 0.623249 0.091429 0.063492
0 0.395960 0.623957 0.091429 0.063492
0 0.396219 0.624081 0.091429 0.063492
0 0.398350 0.625374 0.091429 0.063492
0 0.399219 0.625513 0.091429 0.063492
0 0.402402 0.625276 0.091429 0.063492
0 0.402390 0.624557 0.091429 0.063492
0 0.399867 0.625296 0.091429 0.063492
0 0.397408 0.628146 0.091429 0.063492
0 0.394351 0.631945 0.091429 0.063492
0 0.393671 0.631246 0.091429 0.063492
0 0.392437 0.630302 0.091429 0.063492
0 0.393204 0.630618 0.091429 0.063492
0 0.391611 0.630735 0.091429 0.063492
0 0.391264 0.630770 0.091429 0.063492
0 0.390702 0.630508 0.091429 0.063492
0 0.389852 0.629930 0.091429 0.063492
0 0.389905 0.629458 0.091429 0.063492
0 0.389369 0.629460 0.091429 0.063492
0 0.392443 0.627588 0.091429 0.063492
0 0.392103 0.627710 0.091429 0.063492
0 0.390393 0.629227 0.091429 0.063492
0 0.388736 0.628682 0.091429 0.063492
0 0.388116 0.627605 0.091429 0.063492
0 0.384269 0.627187 0.091429 0.063492
0 0.384814 0.627061 0.091429 0.063492
0 0.385021 0.625079 0.091429 0.063492
0 0.385453 0.624838 0.091429 0.063492
0 0.385791 0.623844 0.091429 0.063492
0 0.384194 0.626124 0.091429 0.063492
0 0.382942 0.625198 0.091429 0.063492
0 0.382521 0.628477 0.091429 0.063492
0 0.382918 0.629180 0.091429 0.063492
0 0.385994 0.630621 0.091429 0.063492
0 0.390015 0.632592 0.091429 0.063492
0 0.391098 0.633118 0.091429 0.063492
0 0.388682 0.633383 0.091429 0.063492
0 0.390529 0.633983 0.091429 0.063492
0 0.391270 0.633829 0.091429 0.063492
0 0.390760 0.632677 0.091429 0.063492
0 0.387063 0.635722 0.091429 0.063492
0 0.386825 0.634036 0.091429 0.063492
0 0.386858 0.633761 0.091429 0.063492
0 0.384342 0.634353 0.091429 0.063492
0 0.384443 0.634167 0.091429 0.063492
0 0.379272 0.632264 0.091429 0.063492
0 0.379159 0.630591 0.091429 0.063492
0 0.376841 0.630146 0.091429 0.063492
0 0.376175 0.629215 0.091429 0.063492
0 0.376931 0.629197 0.091429 0.063492
0 0.379320 0.629088 0.091429 0.063492
0 0.379083 0.626395 0.091429 0.063492
0 0.375033 0.628873 0.091429 0.063492
0 0.375653 0.629066 0.091429 0.063492
0 0.374329 0.628800 0.091429 0.063492
0 0.374655 0.628115 0.091429 0.063492
0 0.374547 0.628926 0.091429 0.063492
0 0.373501 0.627270 0.091429 0.063492
0 0.380458 0.627813 0.091429 0.063492
0 0.380234 0.628274 0.091429 0.063492
0 0.379602 0.627619 0.091429 0.063492
0 0.378866 0.626037 0.091429 0.063492
0 0.379270 0.625955 0.091429 0.063492
0 0.379582 0.625092 0.091429 0.063492
0 0.378774 0.624602 0.091429 0.063492
0 0.380156 0.624858 0.091429 0.063492
0 0.376544 0.625007 0.091429 0.063492
0 0.376429 0.624822 0.091429 0.063492
0 0.377307 0.624920 0.091429 0.063492
0 0.377924 0.624318 0.091429 0.063492
0 0.376942 0.624485 0.091429 0.063492
0 0.381932 0.635137 0.091429 0.063492
0 0.381791 0.635563 0.091429 0.063492
0 0.382592 0.636529 0.091429 0.063492
0 0.371085 0.637144 0.091429 0.063492
0 0.371527 0.636894 0.091429 0.063492
0 0.373540 0.637864 0.091429 0.063492
0 0.374463 0.635556 0.091429 0.063492
0 0.373840 0.634785 0.091429 0.063492
0 0.377885 0.633757 0.091429 0.063492
0 0.377173 0.633571 0.091429 0.063492
0 0.376735 0.633485 0.091429 0.063492
0 0.376469 0.633755 0.091429 0.063492
0 0.376091 0.633656 0.091429 0.063492
0 0.372609 0.633702 0.091429 0.063492
0 0.372425 0.633663 0.091429 0.063492
0 0.371610 0.632980 0.091429 0.063492
0 0.372982 0.632689 0.091429 0.063492
0 0.373343 0.633165 0.091429 0.063492
0 0.374885 0.632307 0.091429 0.063492
0 0.374403 0.632762 0.091429 0.063492
0 0.375009 0.632063 0.091429 0.063492
0 0.374811 0.631923 0.091429 0.063492
0 0.373591 0.632307 0.091429 0.063492
0 0.373669 0.632104 0.091429 0.063492
0 0.374279 0.631381 0.091429 0.063492
0 0.366039 0.635362 0.091429 0.063492
0 0.366068 0.634278 0.091429 0.063492
0 0.368738 0.633464 0.091429 0.063492
0 0.368681 0.633189 0.091429 0.063492
0 0.369245 0.632846 0.091429 0.063492
0 0.369264 0.632540 0.091429 0.063492
0 0.369803 0.631801 0.091429 0.063492
0 0.370282 0.631999 0.091429 0.063492
0 0.367871 0.631659 0.091429 0.063492
0 0.368838 0.630008 0.091429 0.063492
0 0.367282 0.629917 0.091429 0.063492
0 0.372834 0.630699 0.091429 0.063492
0 0.364944 0.633092 0.091429 0.063492
0 0.363955 0.632409 0.091429 0.063492
0 0.362860 0.632213 0.091429 0.063492
0 0.362629 0.632528 0.091429 0.063492
0 0.362278 0.633235 0.091429 0.063492
0 0.362269 0.633058 0.091429 0.063492
0 0.361738 0.632981 0.091429 0.063492
0 0.361419 0.633127 0.091429 0.063492
0 0.361590 0.633453 0.091429 0.063492
0 0.358467 0.633633 0.091429 0.063492
0 0.359423 0.633622 0.091429 0.063492
0 0.359719 0.633352 0.091429 0.063492
0 0.360908 0.631728 0.091429 0.063492
0 0.361283 0.631896 0.091429 0.063492
0 0.361502 0.632089 0.091429 0.063492
0 0.358582 0.631563 0.091429 0.063492
0 0.362430 0.630937 0.091429 0.063492
0 0.362681 0.630822 0.091429 0.063492
0 0.362915 0.630932 0.091429 0.063492
0 0.358527 0.629634 0.091429 0.063492
0 0.358674 0.629036 0.091429 0.063492
0 0.358624 0.628813 0.091429 0.063492
0 0.366949 0.628766 0.091429 0.063492
0 0.366837 0.628610 0.091429 0.063492
0 0.366827 0.628466 0.091429 0.063492
0 0.366354 0.628331 0.091429 0.063492
0 0.366410 0.627934 0.091429 0.063492
0 0.366180 0.627416 0.091429 0.063492
0 0.370956 0.627686 0.091429 0.063492
0 0.372127 0.626704 0.091429 0.063492
0 0.370777 0.626420 0.091429 0.063492
0 0.372323 0.626196 0.091429 0.063492
0 0.371599 0.626157 0.091429 0.063492
0 0.372165 0.625788 0.091429 0.063492
0 0.372203 0.625144 0.091429 0.063492
0 0.368690 0.624122 0.091429 0.063492
0 0.369309 0.623804 0.091429 0.063492
0 0.370450 0.623811 0.091429 0.063492
0 0.370697 0.623625 0.091429 0.063492
0 0.374778 0.623896 0.091429 0.063492
0 0.373779 0.623772 0.091429 0.063492
0 0.371367 0.624184 0.091429 0.063492
0 0.370757 0.622476 0.091429 0.063492
0 0.370590 0.621850 0.091429 0.063492
0 0.370618 0.621330 0.091429 0.063492
0 0.369324 0.622273 0.091429 0.063492
0 0.369386 0.621335 0.091429 0.063492
0 0.373073 0.622357 0.091429 0.063492
0 0.374566 0.622536 0.091429 0.063492
0 0.373998 0.621905 0.091429 0.063492
0 0.374665 0.621909 0.091429 0.063492
0 0.373902 0.621307 0.091429 0.063492
0 0.379180 0.620641 0.091429 0.063492
0 0.379588 0.620988 0.091429 0.063492
0 0.378230 0.621169 0.091429 0.063492
0 0.378406 0.620983 0.091429 0.063492
0 0.374531 0.619301 0.091429 0.063492
0 0.372456 0.620770 0.091429 0.063492
0 0.368370 0.619357 0.091429 0.063492
0 0.367604 0.619035 0.091429 0.063492
0 0.367233 0.618943 0.091429 0.063492
0 0.371130 0.620144 0.091429 0.063492
0 0.382174 0.621113 0.091429 0.063492
0 0.381698 0.620522 0.091429 0.063492
0 0.380971 0.617123 0.091429 0.063492
0 0.381780 0.615663 0.091429 0.063492
0 0.380521 0.615550 0.091429 0.063492
0 0.382201 0.614977 0.091429 0.063492
0 0.382465 0.614745 0.091429 0.063492
0 0.382113 0.614284 0.091429 0.063492
0 0.381951 0.613968 0.091429 0.063492
0 0.380436 0.614197 0.091429 0.063492
0 0.379747 0.613887 0.091429 0.063492
0 0.382177 0.613413 0.091429 0.063492
0 0.381765 0.612636 0.091429 0.063492
0 0.382366 0.612657 0.091429 0.063492
0 0.387738 0.613196 0.091429 0.063492
0 0.386519 0.612445 0.091429 0.063492
0 0.387947 0.611800 0.091429 0.063492
0 0.389327 0.611565 0.091429 0.063492
0 0.386436 0.611432 0.091429 0.063492
0 0.386090 0.611060 0.091429 0.063492
0 0.386769 0.611098 0.091429 0.063492
0 0.385894 0.609965 0.091429 0.063492
0 0.388446 0.609368 0.091429 0.063492
0 0.383866 0.609182 0.091429 0.063492
0 0.379255 0.609422 0.091429 0.063492
0 0.378645 0.610210 0.091429 0.063492
0 0.375869 0.610417 0.091429 0.063492
0 0.378009 0.611467 0.091429 0.063492
0 0.379107 0.612933 0.091429 0.063492
0 0.378086 0.613324 0.091429 0.063492
0 0.378471 0.613140 0.091429 0.063492
0 0.377128 0.611640 0.091429 0.063492
0 0.376505 0.612152 0.091429 0.063492
0 0.375920 0.612240 0.091429 0.063492
0 0.376075 0.612771 0.091429 0.063492
0 0.375282 0.614894 0.091429 0.063492
0 0.376758 0.616428 0.091429 0.063492
0 0.375516 0.615500 0.091429 0.063492
0 0.376563 0.615609 0.091429 0.063492
0 0.372989 0.612886 0.091429 0.063492
0 0.372112 0.613407 0.091429 0.063492
0 0.373763 0.613421 0.091429 0.063492
0 0.372304 0.614048 0.091429 0.063492
0 0.371456 0.614009 0.091429 0.063492
0 0.370677 0.614441 0.091429 0.063492
0 0.370721 0.614939 0.091429 0.063492
0 0.371256 0.613633 0.091429 0.063492
0 0.371003 0.613695 0.091429 0.063492
0 0.370319 0.614007 0.091429 0.063492
0 0.369935 0.613287 0.091429 0.063492
0 0.370169 0.613391 0.091429 0.063492
0 0.372315 0.609814 0.091429 0.063492
0 0.371902 0.609916 0.091429 0.063492
0 0.371808 0.610584 0.091429 0.063492
0 0.369867 0.611153 0.091429 0.063492
0 0.368570 0.611606 0.091429 0.063492
0 0.369017 0.611623 0.091429 0.063492
0 0.369165 0.611812 0.091429 0.063492
0 0.370248 0.612551 0.091429 0.063492
0 0.369454 0.612590 0.091429 0.063492
0 0.368705 0.612366 0.091429 0.063492
0 0.367533 0.612576 0.091429 0.063492
0 0.367521 0.612124 0.091429 0.063492
0 0.368837 0.613227 0.091429 0.063492
0 0.367130 0.614016 0.091429 0.063492
0 0.365465 0.614294 0.091429 0.063492
0 0.365000 0.613469 0.091429 0.063492
0 0.364724 0.614633 0.091429 0.063492
0 0.364724 0.614450 0.091429 0.063492
0 0.366307 0.616334 0.091429 0.063492
0 0.366165 0.616483 0.091429 0.063492
0 0.365776 0.616152 0.091429 0.063492
0 0.365157 0.616449 0.091429 0.063492
0 0.366860 0.616058 0.091429 0.063492
0 0.362551 0.616829 0.091429 0.063492
0 0.362972 0.616858 0.091429 0.063492
0 0.360573 0.615610 0.091429 0.063492
0 0.356652 0.617461 0.091429 0.063492
0 0.356662 0.618075 0.091429 0.063492
0 0.356905 0.619733 0.091429 0.063492
0 0.356261 0.620616 0.091429 0.063492
0 0.358789 0.622309 0.091429 0.063492
0 0.358314 0.622490 0.091429 0.063492
0 0.357560 0.622195 0.091429 0.063492
0 0.358114 0.622182 0.091429 0.063492
0 0.355806 0.624291 0.091429 0.063492
0 0.357412 0.624058 0.091429 0.063492
0 0.357093 0.627325 0.091429 0.063492
0 0.358080 0.628584 0.091429 0.063492
0 0.381121 0.615133 0.091429 0.063492
0 0.384444 0.619598 0.091429 0.063492
0 0.378275 0.634091 0.091429 0.063492
0 0.378185 0.634279 0.091429 0.063492
0 0.377980 0.634133 0.091429 0.063492
0 0.392229 0.622882 0.091429 0.063492
0 0.376807 0.632751 0.091429 0.063492
0 0.374879 0.631542 0.091429 0.063492
0 0.375313 0.631615 0.091429 0.063492
0 0.367759 0.633152 0.091429 0.063492
0 0.367218 0.633438 0.091429 0.063492
0 0.365629 0.633565 0.091429 0.063492
0 0.365491 0.635582 0.091429 0.063492
0 0.360246 0.632994 0.091429 0.063492
0 0.361920 0.631791 0.091429 0.063492
0 0.362800 0.631147 0.091429 0.063492
0 0.377623 0.629786 0.091429 0.063492
0 0.368468 0.624652 0.091429 0.063492
0 0.356909 0.623255 0.091429 0.063492
0 0.355425 0.622495 0.091429 0.063492
0 0.356729 0.620958 0.091429 0.063492
0 0.357089 0.618959 0.091429 0.063492
0 0.359484 0.621274 0.091429 0.063492
0 0.359409 0.613740 0.091429 0.063492
0 0.365322 0.613114 0.091429 0.063492
0 0.367006 0.612622 0.091429 0.063492
0 0.367971 0.613424 0.091429 0.063492
0 0.366519 0.613582 0.091429 0.063492
0 0.365788 0.613570 0.091429 0.063492
0 0.370683 0.610830 0.091429 0.063492
0 0.370312 0.611291 0.091429 0.063492
0 0.374455 0.612567 0.091429 0.063492
0 0.377146 0.611243 0.091429 0.063492
0 0.369962 0.613594 0.091429 0.063492
0 0.371774 0.614973 0.091429 0.063492
0 0.381469 0.615945 0.091429 0.063492
0 0.381384 0.615472 0.091429 0.063492
0 0.381056 0.614250 0.091429 0.063492
0 0.374953 0.620861 0.091429 0.063492
0 0.372855 0.626432 0.091429 0.063492
0 0.393643 0.630442 0.091429 0.063492
0 0.387848 0.627131 0.091429 0.063492
0 0.386799 0.626991 0.091429 0.063492
0 0.378502 0.625132 0.091429 0.063492
0 0.378026 0.624956 0.091429 0.063492
0 0.389914 0.625375 0.091429 0.063492
0 0.385305 0.616219 0.091429 0.063492
0 0.390263 0.614026 0.091429 0.063492
0 0.394745 0.618746 0.091429 0.063492
0 0.392128 0.620138 0.091429 0.063492
0 0.389575 0.620223 0.091429 0.063492
0 0.390263 0.620921 0.091429 0.063492
0 0.395095 0.623637 0.091429 0.063492
0 0.391461 0.630977 0.091429 0.063492
0 0.402300 0.618759 0.091429 0.063492
0 0.400944 0.620077 0.091429 0.063492
0 0.373171 0.631432 0.091429 0.063492
0 0.372858 0.631927 0.091429 0.063492
0 0.362985 0.616235 0.091429 0.063492
0 0.392054 0.628720 0.091429 0.063492
0 0.780715 0.768983 0.091429 0.063492
0 0.779010 0.769101 0.091429 0.063492
0 0.762650 0.766632 0.091429 0.063492
0 0.770486 0.763087 0.091429 0.063492
0 0.765181 0.757972 0.091429 0.063492
0 0.767489 0.756194 0.091429 0.063492
0 0.764665 0.754348 0.091429 0.063492
0 0.766301 0.752797 0.091429 0.063492
0 0.763012 0.750664 0.091429 0.063492
0 0.763528 0.750862 0.091429 0.063492
0 0.762753 0.745401 0.091429 0.063492
0 0.762615 0.745549 0.091429 0.063492
0 0.766955 0.746092 0.091429 0.063492
0 0.766662 0.743840 0.091429 0.063492
0 0.766972 0.742744 0.091429 0.063492
0 0.771536 0.745588 0.091429 0.063492
0 0.775755 0.748729 0.091429 0.063492
0 0.777357 0.748225 0.091429 0.063492
0 0.779837 0.752452 0.091429 0.063492
0 0.780319 0.751612 0.091429 0.063492
0 0.779131 0.751247 0.091429 0.063492
0 0.771329 0.752392 0.091429 0.063492
0 0.770107 0.750437 0.091429 0.063492
0 0.787621 0.772222 0.091429 0.063492
0 0.792495 0.767699 0.091429 0.063492
0 0.794751 0.764736 0.091429 0.063492
0 0.791031 0.762742 0.091429 0.063492
0 0.781283 0.754249 0.091429 0.063492
0 0.786054 0.751059 0.091429 0.063492
0 0.791358 0.754486 0.091429 0.063492
0 0.792185 0.753824 0.091429 0.063492
0 0.786088 0.749588 0.091429 0.063492
0 0.787897 0.749380 0.091429 0.063492
0 0.785864 0.748521 0.091429 0.063492
0 0.786484 0.748097 0.091429 0.063492
0 0.786157 0.743317 0.091429 0.063492
0 0.794062 0.739248 0.091429 0.063492
0 0.794871 0.743208 0.091429 0.063492
0 0.794716 0.743830 0.091429 0.063492
0 0.804412 0.745223 0.091429 0.063492
0 0.803516 0.746842 0.091429 0.063492
0 0.798660 0.747386 0.091429 0.063492
0 0.799573 0.748126 0.091429 0.063492
0 0.801226 0.748047 0.091429 0.063492
0 0.799486 0.750842 0.091429 0.063492
0 0.801157 0.757014 0.091429 0.063492
0 0.795147 0.758278 0.091429 0.063492
0 0.804085 0.768054 0.091429 0.063492
0 0.814865 0.768400 0.091429 0.063492
0 0.819842 0.765052 0.091429 0.063492
0 0.823889 0.765013 0.091429 0.063492
0 0.821633 0.761576 0.091429 0.063492
0 0.815537 0.756313 0.091429 0.063492
0 0.815123 0.756165 0.091429 0.063492
0 0.810594 0.757962 0.091429 0.063492
0 0.807305 0.759246 0.091429 0.063492
0 0.804997 0.759463 0.091429 0.063492
0 0.803103 0.760451 0.091429 0.063492
0 0.802087 0.761240 0.091429 0.063492
0 0.818792 0.751237 0.091429 0.063492
0 0.819670 0.751899 0.091429 0.063492
0 0.803620 0.735604 0.091429 0.063492
0 0.818017 0.737866 0.091429 0.063492
0 0.816122 0.738379 0.091429 0.063492
0 0.827971 0.743900 0.091429 0.063492
0 0.833034 0.745509 0.091429 0.063492
0 0.835893 0.746428 0.091429 0.063492
0 0.838682 0.746457 0.091429 0.063492
0 0.830106 0.746645 0.091429 0.063492
0 0.828728 0.746941 0.091429 0.063492
0 0.836754 0.751543 0.091429 0.063492
0 0.838407 0.749124 0.091429 0.063492
0 0.833103 0.755325 0.091429 0.063492
0 0.834618 0.755730 0.091429 0.063492
0 0.839475 0.758199 0.091429 0.063492
0 0.839974 0.758199 0.091429 0.063492
0 0.812833 0.762426 0.091429 0.063492
0 0.369779 0.621694 0.091429 0.063492
0 0.382100 0.620850 0.091429 0.063492
0 0.776208 0.753007 0.091429 0.063492
0 0.816446 0.764847 0.091429 0.063492
0 0.831425 0.745526 0.091429 0.063492
0 0.765073 0.740768 0.091429 0.063492
0 0.757842 0.751940 0.091429 0.063492
0 0.759248 0.761615 0.091429 0.063492
0 0.761759 0.766625 0.091429 0.063492
0 0.772103 0.773536 0.091429 0.063492
0 0.783552 0.774573 0.091429 0.063492
0 0.809162 0.772327 0.091429 0.063492
0 0.829047 0.768123 0.091429 0.063492
0 0.843107 0.760924 0.091429 0.063492
0 0.844011 0.752746 0.091429 0.063492
0 0.841400 0.748024 0.091429 0.063492
0 0.837483 0.742208 0.091429 0.063492
0 0.823423 0.738695 0.091429 0.063492
0 0.813280 0.736218 0.091429 0.063492
0 0.800625 0.734721 0.091429 0.063492
0 0.794801 0.735355 0.091429 0.063492
0 0.379249 0.608646 0.091429 0.063492
0 0.369592 0.609291 0.091429 0.063492
0 0.357819 0.613804 0.091429 0.063492
0 0.351867 0.619986 0.091429 0.063492
0 0.351470 0.622983 0.091429 0.063492
0 0.352594 0.627610 0.091429 0.063492
0 0.358877 0.634171 0.091429 0.063492
0 0.364433 0.636750 0.091429 0.063492
0 0.368269 0.638684 0.091429 0.063492
0 0.375875 0.637964 0.091429 0.063492
0 0.383151 0.637281 0.091429 0.063492
0 0.387913 0.636181 0.091429 0.063492
0 0.391749 0.634436 0.091429 0.063492
0 0.402993 0.625789 0.091429 0.063492
0 0.403721 0.622565 0.091429 0.063492
0 0.402001 0.617407 0.091429 0.063492
0 0.400480 0.611415 0.091429 0.063492
0 0.399884 0.609898 0.091429 0.063492
0 0.395321 0.608381 0.091429 0.063492
0 0.373233 0.623109 0.091429 0.063492
0 0.385428 0.625392 0.091429 0.063492
0 0.383484 0.618410 0.091429 0.063492
0 0.367952 0.625190 0.091429 0.063492
0 0.367313 0.625468 0.091429 0.063492
0 0.367456 0.625793 0.091429 0.063492
0 0.375412 0.622982 0.091429 0.063492
0 0.358046 0.624405 0.091429 0.063492
0 0.375022 0.612847 0.091429 0.063492
0 0.397882 0.621626 0.091429 0.063492
0 0.782542 0.766860 0.091429 0.063492
0 0.777968 0.769139 0.091429 0.063492
0 0.777760 0.757692 0.091429 0.063492
0 0.771984 0.751850 0.091429 0.063492
0 0.761449 0.749386 0.091429 0.063492
0 0.793286 0.740721 0.091429 0.063492
0 0.792292 0.740933 0.091429 0.063492
0 0.819284 0.764853 0.091429 0.063492
0 0.820553 0.764688 0.091429 0.063492
0 0.818793 0.764630 0.091429 0.063492
0 0.836372 0.760169 0.091429 0.063492
0 0.835384 0.760735 0.091429 0.063492
0 0.836497 0.762264 0.091429 0.063492
0 0.798748 0.750812 0.091429 0.063492
0 0.795884 0.744315 0.091429 0.063492