0 0.690636 0.284381 0.066667 0.054422
0 0.684828 0.285031 0.066667 0.054422
0 0.679729 0.290067 0.066667 0.054422
0 0.674134 0.295184 0.066667 0.054422
0 0.674913 0.298555 0.066667 0.054422
0 0.678454 0.302698 0.066667 0.054422
0 0.683766 0.307450 0.066667 0.054422
0 0.687874 0.310658 0.066667 0.054422
0 0.688016 0.312080 0.066667 0.054422
0 0.692407 0.314598 0.066667 0.054422
0 0.699490 0.315897 0.066667 0.054422
0 0.706643 0.315613 0.066667 0.054422
0 0.715426 0.314354 0.066667 0.054422
0 0.723146 0.312729 0.066667 0.054422
0 0.737028 0.309480 0.066667 0.054422
0 0.746944 0.307003 0.066667 0.054422
0 0.757001 0.301642 0.066667 0.054422
0 0.763305 0.293032 0.066667 0.054422
0 0.764580 0.287874 0.066667 0.054422
0 0.762668 0.284543 0.066667 0.054422
0 0.747369 0.283853 0.066667 0.054422
0 0.723217 0.284259 0.066667 0.054422
0 0.729187 0.084794 0.066667 0.054422
0 0.699235 0.090714 0.066667 0.054422
0 0.679605 0.091631 0.066667 0.054422
0 0.671172 0.097885 0.066667 0.054422
0 0.652415 0.112142 0.066667 0.054422
0 0.646163 0.123398 0.066667 0.054422
0 0.654015 0.135571 0.066667 0.054422
0 0.680478 0.139156 0.066667 0.054422
0 0.713484 0.138823 0.066667 0.054422
0 0.726279 0.136822 0.066667 0.054422
0 0.756668 0.121730 0.066667 0.054422
0 0.763647 0.101386 0.066667 0.054422
0 0.749834 0.087212 0.066667 0.054422
0 0.703377 0.312044 0.066667 0.054422
0 0.693402 0.303892 0.066667 0.054422
0 0.722244 0.303130 0.066667 0.054422
0 0.751387 0.298904 0.066667 0.054422
0 0.751780 0.295146 0.066667 0.054422
0 0.761823 0.285795 0.066667 0.054422
0 0.748310 0.286861 0.066667 0.054422
0 0.746797 0.288721 0.066667 0.054422
0 0.737888 0.290436 0.066667 0.054422
0 0.727710 0.291475 0.066667 0.054422
0 0.710888 0.292964 0.066667 0.054422
0 0.705150 0.296081 0.066667 0.054422
0 0.700832 0.298194 0.066667 0.054422
0 0.694308 0.295700 0.066667 0.054422
0 0.695788 0.288791 0.066667 0.054422
0 0.691319 0.287371 0.066667 0.054422
0 0.707023 0.299839 0.066667 0.054422
0 0.738684 0.129760 0.066667 0.054422
0 0.731517 0.130109 0.066667 0.054422
0 0.702200 0.129266 0.066667 0.054422
0 0.703321 0.128824 0.066667 0.054422
0 0.708365 0.126354 0.066667 0.054422
0 0.708645 0.124887 0.066667 0.054422
0 0.709766 0.125671 0.066667 0.054422
0 0.710816 0.126092 0.066667 0.054422
0 0.712379 0.124117 0.066667 0.054422
0 0.703699 0.122585 0.066667 0.054422
0 0.714212 0.123370 0.066667 0.054422
0 0.695328 0.133692 0.066667 0.054422
0 0.682717 0.129905 0.066667 0.054422
0 0.665213 0.136018 0.066667 0.054422
0 0.656538 0.129769 0.066667 0.054422
0 0.659172 0.127119 0.066667 0.054422
0 0.653408 0.129867 0.066667 0.054422
0 0.662079 0.128074 0.066667 0.054422
0 0.653452 0.124472 0.066667 0.054422
0 0.660718 0.117696 0.066667 0.054422
0 0.674545 0.116847 0.066667 0.054422
0 0.651530 0.116404 0.066667 0.054422
0 0.670017 0.123547 0.066667 0.054422
0 0.690844 0.123661 0.066667 0.054422
0 0.723290 0.124421 0.066667 0.054422
0 0.738176 0.122382 0.066667 0.054422
0 0.759990 0.108502 0.066667 0.054422
0 0.743675 0.108678 0.066667 0.054422
0 0.724637 0.113516 0.066667 0.054422
0 0.722119 0.113238 0.066667 0.054422
0 0.720639 0.113580 0.066667 0.054422
0 0.720816 0.115226 0.066667 0.054422
0 0.717547 0.110705 0.066667 0.054422
0 0.715427 0.108070 0.066667 0.054422
0 0.710789 0.111161 0.066667 0.054422
0 0.712451 0.118522 0.066667 0.054422
0 0.680552 0.105056 0.066667 0.054422
0 0.692943 0.102245 0.066667 0.054422
0 0.711628 0.104056 0.066667 0.054422
0 0.728502 0.103524 0.066667 0.054422
0 0.755955 0.101675 0.066667 0.054422
0 0.758495 0.103106 0.066667 0.054422
0 0.736365 0.100294 0.066667 0.054422
0 0.750909 0.097859 0.066667 0.054422
0 0.739015 0.098458 0.066667 0.054422
0 0.733957 0.096583 0.066667 0.054422
0 0.738481 0.099333 0.066667 0.054422
0 0.720440 0.098673 0.066667 0.054422
0 0.700187 0.096393 0.066667 0.054422
0 0.706482 0.091479 0.066667 0.054422
0 0.708690 0.091593 0.066667 0.054422
0 0.716133 0.091061 0.066667 0.054422
0 0.720065 0.091023 0.066667 0.054422
0 0.737579 0.091251 0.066667 0.054422
0 0.687841 0.302948 0.066667 0.054422
0 0.701093 0.306563 0.066667 0.054422
0 0.701453 0.305739 0.066667 0.054422
0 0.696349 0.297662 0.066667 0.054422
0 0.696451 0.296304 0.066667 0.054422
0 0.721126 0.304649 0.066667 0.054422
0 0.724037 0.304845 0.066667 0.054422
0 0.730116 0.301263 0.066667 0.054422
0 0.747263 0.298257 0.066667 0.054422
0 0.739191 0.297235 0.066667 0.054422
0 0.744437 0.295473 0.066667 0.054422
0 0.744017 0.294902 0.066667 0.054422
0 0.759952 0.287540 0.066667 0.054422
0 0.746778 0.291812 0.066667 0.054422
0 0.729945 0.291074 0.066667 0.054422
0 0.716292 0.290014 0.066667 0.054422
0 0.699348 0.293394 0.066667 0.054422
0 0.699166 0.290092 0.066667 0.054422
0 0.709825 0.289847 0.066667 0.054422
0 0.710125 0.290436 0.066667 0.054422
0 0.684897 0.291492 0.066667 0.054422
0 0.693687 0.288644 0.066667 0.054422
0 0.680120 0.293982 0.066667 0.054422
0 0.676492 0.297469 0.066667 0.054422
0 0.696384 0.294560 0.066667 0.054422
0 0.669533 0.133083 0.066667 0.054422
0 0.657198 0.131238 0.066667 0.054422
0 0.689945 0.125065 0.066667 0.054422
0 0.701963 0.124205 0.066667 0.054422
0 0.713556 0.124492 0.066667 0.054422
0 0.757171 0.115794 0.066667 0.054422
0 0.726907 0.091772 0.066667 0.054422
0 0.725245 0.086979 0.066667 0.054422
0 0.686572 0.101922 0.066667 0.054422
0 0.681605 0.101861 0.066667 0.054422
0 0.690503 0.097876 0.066667 0.054422
0 0.711714 0.092169 0.066667 0.054422
0 0.725348 0.096078 0.066667 0.054422
0 0.728165 0.093674 0.066667 0.054422
0 0.730918 0.092738 0.066667 0.054422
0 0.736647 0.092481 0.066667 0.054422
0 0.726725 0.090774 0.066667 0.054422
0 0.735994 0.094436 0.066667 0.054422
0 0.742964 0.096231 0.066667 0.054422
0 0.759936 0.110681 0.066667 0.054422
0 0.721119 0.105926 0.066667 0.054422
0 0.680292 0.132683 0.066667 0.054422
0 0.670839 0.132620 0.066667 0.054422
0 0.677045 0.127213 0.066667 0.054422
0 0.690451 0.123907 0.066667 0.054422
0 0.655136 0.132506 0.066667 0.054422
0 0.662005 0.122362 0.066667 0.054422
0 0.662160 0.113421 0.066667 0.054422
0 0.670265 0.105633 0.066667 0.054422
0 0.671634 0.109204 0.066667 0.054422
0 0.685702 0.111661 0.066667 0.054422
0 0.686983 0.116891 0.066667 0.054422
0 0.693535 0.119775 0.066667 0.054422
0 0.686514 0.121770 0.066667 0.054422
0 0.691262 0.122509 0.066667 0.054422
0 0.702286 0.124354 0.066667 0.054422
0 0.711399 0.125565 0.066667 0.054422
0 0.730953 0.123685 0.066667 0.054422
0 0.723630 0.113938 0.066667 0.054422
0 0.718601 0.102102 0.066667 0.054422
0 0.708160 0.101329 0.066667 0.054422
0 0.737189 0.126488 0.066667 0.054422
0 0.739337 0.129244 0.066667 0.054422
0 0.739337 0.129777 0.066667 0.054422
0 0.739476 0.130150 0.066667 0.054422
0 0.754997 0.096586 0.066667 0.054422
0 0.746131 0.096573 0.066667 0.054422
0 0.747756 0.096209 0.066667 0.054422
0 0.751326 0.097907 0.066667 0.054422
0 0.708115 0.313123 0.066667 0.054422
0 0.705165 0.313713 0.066667 0.054422
0 0.702884 0.312213 0.066667 0.054422
0 0.698838 0.312136 0.066667 0.054422
0 0.695541 0.311046 0.066667 0.054422
0 0.691252 0.308206 0.066667 0.054422
0 0.689750 0.305447 0.066667 0.054422
0 0.691301 0.305447 0.066667 0.054422
0 0.688688 0.305195 0.066667 0.054422
0 0.691277 0.305251 0.066667 0.054422
0 0.693706 0.305132 0.066667 0.054422
0 0.688925 0.300578 0.066667 0.054422
0 0.700144 0.304149 0.066667 0.054422
0 0.696386 0.298746 0.066667 0.054422
0 0.692669 0.296515 0.066667 0.054422
0 0.680081 0.299324 0.066667 0.054422
0 0.679960 0.299077 0.066667 0.054422
0 0.695219 0.293021 0.066667 0.054422
0 0.699607 0.293452 0.066667 0.054422
0 0.718932 0.296053 0.066667 0.054422
0 0.718905 0.296453 0.066667 0.054422
0 0.723388 0.300001 0.066667 0.054422
0 0.723737 0.300247 0.066667 0.054422
0 0.716423 0.310359 0.066667 0.054422
0 0.735694 0.304518 0.066667 0.054422
0 0.738083 0.305842 0.066667 0.054422
0 0.730527 0.297100 0.066667 0.054422
0 0.733359 0.293298 0.066667 0.054422
0 0.733010 0.292236 0.066667 0.054422
0 0.728393 0.291497 0.066667 0.054422
0 0.732017 0.289712 0.066667 0.054422
0 0.747155 0.288465 0.066667 0.054422
0 0.757072 0.292321 0.066667 0.054422
0 0.756670 0.292475 0.066667 0.054422
0 0.750386 0.302392 0.066667 0.054422
0 0.744816 0.305785 0.066667 0.054422
0 0.745012 0.306194 0.066667 0.054422
0 0.745147 0.306887 0.066667 0.054422
0 0.745384 0.307184 0.066667 0.054422
0 0.743266 0.306455 0.066667 0.054422
0 0.742738 0.306573 0.066667 0.054422
0 0.709375 0.126082 0.066667 0.054422
0 0.710328 0.126360 0.066667 0.054422
0 0.692959 0.119185 0.066667 0.054422
0 0.695069 0.111206 0.066667 0.054422
0 0.674600 0.116411 0.066667 0.054422
0 0.677831 0.102264 0.066667 0.054422
0 0.678261 0.102071 0.066667 0.054422
0 0.719797 0.115811 0.066667 0.054422
0 0.707228 0.101097 0.066667 0.054422
0 0.724914 0.098623 0.066667 0.054422
0 0.759521 0.111710 0.066667 0.054422
0 0.761837 0.107126 0.066667 0.054422
0 0.752736 0.093160 0.066667 0.054422
0 0.738012 0.089836 0.066667 0.054422
0 0.738993 0.090247 0.066667 0.054422
0 0.716351 0.129789 0.066667 0.054422
0 0.658134 0.126573 0.066667 0.054422
0 0.660523 0.135416 0.066667 0.054422
0 0.743348 0.303025 0.066667 0.054422
0 0.734111 0.309811 0.066667 0.054422
0 0.747314 0.302715 0.066667 0.054422
0 0.755898 0.284606 0.066667 0.054422
0 0.701075 0.129276 0.066667 0.054422
0 0.750370 0.298303 0.066667 0.054422
0 0.750559 0.298071 0.066667 0.054422
0 0.751799 0.296865 0.066667 0.054422
0 0.751651 0.297499 0.066667 0.054422