0 0.743236 0.091592 0.048485 0.028070
0 0.753620 0.093149 0.048485 0.028070
0 0.755050 0.093340 0.048485 0.028070
0 0.732041 0.093805 0.048485 0.028070
0 0.746697 0.094490 0.048485 0.028070
0 0.750667 0.094979 0.048485 0.028070
0 0.756674 0.095736 0.048485 0.028070
0 0.723895 0.096400 0.048485 0.028070
0 0.722990 0.098831 0.048485 0.028070
0 0.711053 0.099270 0.048485 0.028070
0 0.721751 0.100197 0.048485 0.028070
0 0.750998 0.100220 0.048485 0.028070
0 0.728087 0.100524 0.048485 0.028070
0 0.739425 0.100825 0.048485 0.028070
0 0.751931 0.101220 0.048485 0.028070
0 0.744558 0.101218 0.048485 0.028070
0 0.760623 0.101672 0.048485 0.028070
0 0.749857 0.102218 0.048485 0.028070
0 0.752096 0.102273 0.048485 0.028070
0 0.750905 0.102327 0.048485 0.028070
0 0.718327 0.102973 0.048485 0.028070
0 0.747428 0.103611 0.048485 0.028070
0 0.746808 0.103720 0.048485 0.028070
0 0.719369 0.103857 0.048485 0.028070
0 0.764768 0.103966 0.048485 0.028070
0 0.718754 0.104113 0.048485 0.028070
0 0.762576 0.104458 0.048485 0.028070
0 0.758146 0.104513 0.048485 0.028070
0 0.718476 0.104837 0.048485 0.028070
0 0.718321 0.105441 0.048485 0.028070
0 0.756450 0.105823 0.048485 0.028070
0 0.744855 0.106343 0.048485 0.028070
0 0.716892 0.106452 0.048485 0.028070
0 0.745236 0.106534 0.048485 0.028070
0 0.726439 0.106556 0.048485 0.028070
0 0.743807 0.106725 0.048485 0.028070
0 0.758432 0.106698 0.048485 0.028070
0 0.754859 0.106917 0.048485 0.028070
0 0.737424 0.107026 0.048485 0.028070
0 0.714463 0.107244 0.048485 0.028070
0 0.765292 0.107436 0.048485 0.028070
0 0.723942 0.107681 0.048485 0.028070
0 0.761385 0.108911 0.048485 0.028070
0 0.711271 0.109020 0.048485 0.028070
0 0.742997 0.110823 0.048485 0.028070
0 0.732041 0.111041 0.048485 0.028070
0 0.752572 0.111069 0.048485 0.028070
0 0.750286 0.111724 0.048485 0.028070
0 0.749712 0.111742 0.048485 0.028070
0 0.749760 0.111968 0.048485 0.028070
0 0.752620 0.111997 0.048485 0.028070
0 0.750853 0.112143 0.048485 0.028070
0 0.740615 0.112134 0.048485 0.028070
0 0.745570 0.112271 0.048485 0.028070
0 0.737471 0.112598 0.048485 0.028070
0 0.740318 0.112786 0.048485 0.028070
0 0.750143 0.112708 0.048485 0.028070
0 0.739043 0.112981 0.048485 0.028070
0 0.721227 0.113227 0.048485 0.028070
0 0.721751 0.113227 0.048485 0.028070
0 0.746713 0.113309 0.048485 0.028070
0 0.745917 0.113539 0.048485 0.028070
0 0.706317 0.113527 0.048485 0.028070
0 0.742092 0.113664 0.048485 0.028070
0 0.750188 0.113675 0.048485 0.028070
0 0.741616 0.113882 0.048485 0.028070
0 0.757255 0.113895 0.048485 0.028070
0 0.749571 0.114019 0.048485 0.028070
0 0.740997 0.114128 0.048485 0.028070
0 0.742092 0.114183 0.048485 0.028070
0 0.760092 0.114587 0.048485 0.028070
0 0.744950 0.114565 0.048485 0.028070
0 0.720084 0.114620 0.048485 0.028070
0 0.718369 0.114674 0.048485 0.028070
0 0.744474 0.114920 0.048485 0.028070
0 0.745236 0.115248 0.048485 0.028070
0 0.742854 0.115330 0.048485 0.028070
0 0.747285 0.115303 0.048485 0.028070
0 0.717511 0.115467 0.048485 0.028070
0 0.741235 0.115439 0.048485 0.028070
0 0.756098 0.115849 0.048485 0.028070
0 0.750810 0.116177 0.048485 0.028070
0 0.752896 0.116845 0.048485 0.028070
0 0.709459 0.118012 0.048485 0.028070
0 0.719941 0.121230 0.048485 0.028070
0 0.723037 0.122869 0.048485 0.028070
0 0.724609 0.123771 0.048485 0.028070
0 0.734009 0.123811 0.048485 0.028070
0 0.758227 0.092693 0.048485 0.028070
0 0.740735 0.087323 0.048485 0.028070
0 0.727770 0.084727 0.048485 0.028070
0 0.722317 0.086025 0.048485 0.028070
0 0.710999 0.091689 0.048485 0.028070
0 0.701841 0.094758 0.048485 0.028070
0 0.696696 0.098947 0.048485 0.028070
0 0.690523 0.104257 0.048485 0.028070
0 0.687436 0.111101 0.048485 0.028070
0 0.693507 0.121368 0.048485 0.028070
0 0.701532 0.127209 0.048485 0.028070
0 0.712748 0.131398 0.048485 0.028070
0 0.732504 0.130808 0.048485 0.028070
0 0.740632 0.129215 0.048485 0.028070
0 0.755243 0.120896 0.048485 0.028070
0 0.765738 0.113697 0.048485 0.028070
0 0.772838 0.108151 0.048485 0.028070
0 0.774999 0.101956 0.048485 0.028070
0 0.774587 0.098711 0.048485 0.028070
0 0.765841 0.094227 0.048485 0.028070
0 0.727656 0.086942 0.048485 0.028070
0 0.731874 0.086862 0.048485 0.028070
0 0.722803 0.089617 0.048485 0.028070
0 0.723295 0.090023 0.048485 0.028070
0 0.726897 0.091574 0.048485 0.028070
0 0.748918 0.092686 0.048485 0.028070
0 0.750741 0.092460 0.048485 0.028070
0 0.752742 0.092676 0.048485 0.028070
0 0.748382 0.093752 0.048485 0.028070
0 0.749704 0.094366 0.048485 0.028070
0 0.752653 0.094787 0.048485 0.028070
0 0.754619 0.094889 0.048485 0.028070
0 0.754708 0.095371 0.048485 0.028070
0 0.748865 0.095268 0.048485 0.028070
0 0.736892 0.093639 0.048485 0.028070
0 0.737767 0.095268 0.048485 0.028070
0 0.741842 0.096119 0.048485 0.028070
0 0.760909 0.094018 0.048485 0.028070
0 0.761391 0.094336 0.048485 0.028070
0 0.760784 0.098517 0.048485 0.028070
0 0.763983 0.097912 0.048485 0.028070
0 0.772864 0.099449 0.048485 0.028070
0 0.768879 0.098906 0.048485 0.028070
0 0.768772 0.106571 0.048485 0.028070
0 0.761070 0.103794 0.048485 0.028070
0 0.757317 0.104952 0.048485 0.028070
0 0.764948 0.107165 0.048485 0.028070
0 0.752421 0.110588 0.048485 0.028070
0 0.756120 0.116429 0.048485 0.028070
0 0.747167 0.113980 0.048485 0.028070
0 0.746291 0.114102 0.048485 0.028070
0 0.749722 0.112668 0.048485 0.028070
0 0.748239 0.112781 0.048485 0.028070
0 0.736838 0.113887 0.048485 0.028070
0 0.741216 0.111623 0.048485 0.028070
0 0.741198 0.105249 0.048485 0.028070
0 0.733961 0.104952 0.048485 0.028070
0 0.742592 0.107565 0.048485 0.028070
0 0.736237 0.116213 0.048485 0.028070
0 0.741498 0.117262 0.048485 0.028070
0 0.740392 0.117184 0.048485 0.028070
0 0.744975 0.117508 0.048485 0.028070
0 0.746397 0.117391 0.048485 0.028070
0 0.749987 0.119307 0.048485 0.028070
0 0.752877 0.117754 0.048485 0.028070
0 0.745020 0.124797 0.048485 0.028070
0 0.737840 0.127529 0.048485 0.028070
0 0.735176 0.124201 0.048485 0.028070
0 0.737321 0.124745 0.048485 0.028070
0 0.737750 0.125159 0.048485 0.028070
0 0.737253 0.125120 0.048485 0.028070
0 0.735041 0.126040 0.048485 0.028070
0 0.734273 0.126053 0.048485 0.028070
0 0.733686 0.126117 0.048485 0.028070
0 0.728811 0.121662 0.048485 0.028070
0 0.729921 0.122058 0.048485 0.028070
0 0.726362 0.120510 0.048485 0.028070
0 0.724143 0.120054 0.048485 0.028070
0 0.724771 0.120582 0.048485 0.028070
0 0.722343 0.121254 0.048485 0.028070
0 0.723055 0.120474 0.048485 0.028070
0 0.719894 0.120666 0.048485 0.028070
0 0.717424 0.121866 0.048485 0.028070
0 0.720062 0.122058 0.048485 0.028070
0 0.723997 0.123967 0.048485 0.028070
0 0.723683 0.124111 0.048485 0.028070
0 0.721025 0.127904 0.048485 0.028070
0 0.718513 0.127172 0.048485 0.028070
0 0.718994 0.125863 0.048485 0.028070
0 0.714096 0.127268 0.048485 0.028070
0 0.715059 0.128012 0.048485 0.028070
0 0.714117 0.129020 0.048485 0.028070
0 0.716796 0.128480 0.048485 0.028070
0 0.713322 0.130917 0.048485 0.028070
0 0.714682 0.129908 0.048485 0.028070
0 0.714536 0.129572 0.048485 0.028070
0 0.715038 0.130977 0.048485 0.028070
0 0.722657 0.128816 0.048485 0.028070
0 0.716294 0.126439 0.048485 0.028070
0 0.718324 0.126055 0.048485 0.028070
0 0.721213 0.126391 0.048485 0.028070
0 0.721171 0.126811 0.048485 0.028070
0 0.707984 0.129440 0.048485 0.028070
0 0.702144 0.127016 0.048485 0.028070
0 0.703400 0.124891 0.048485 0.028070
0 0.703902 0.124711 0.048485 0.028070
0 0.708340 0.124687 0.048485 0.028070
0 0.708821 0.124855 0.048485 0.028070
0 0.712170 0.123715 0.048485 0.028070
0 0.711773 0.123595 0.048485 0.028070
0 0.711584 0.120810 0.048485 0.028070
0 0.717948 0.118349 0.048485 0.028070
0 0.696618 0.123331 0.048485 0.028070
0 0.699088 0.123967 0.048485 0.028070
0 0.692431 0.117557 0.048485 0.028070
0 0.690946 0.117796 0.048485 0.028070
0 0.689271 0.117269 0.048485 0.028070
0 0.690696 0.117557 0.048485 0.028070
0 0.696300 0.115414 0.048485 0.028070
0 0.703826 0.116243 0.048485 0.028070
0 0.704239 0.116362 0.048485 0.028070
0 0.704670 0.116579 0.048485 0.028070
0 0.705152 0.116411 0.048485 0.028070
0 0.688776 0.109827 0.048485 0.028070
0 0.689585 0.109513 0.048485 0.028070
0 0.688096 0.109850 0.048485 0.028070
0 0.690040 0.109202 0.048485 0.028070
0 0.688741 0.109298 0.048485 0.028070
0 0.689789 0.109947 0.048485 0.028070
0 0.697021 0.109262 0.048485 0.028070
0 0.696266 0.109803 0.048485 0.028070
0 0.693080 0.108853 0.048485 0.028070
0 0.694086 0.108974 0.048485 0.028070
0 0.693814 0.108553 0.048485 0.028070
0 0.707690 0.113782 0.048485 0.028070
0 0.704253 0.113553 0.048485 0.028070
0 0.702995 0.112988 0.048485 0.028070
0 0.700815 0.107375 0.048485 0.028070
0 0.701087 0.107808 0.048485 0.028070
0 0.701087 0.108252 0.048485 0.028070
0 0.691382 0.114479 0.048485 0.028070
0 0.695658 0.111810 0.048485 0.028070
0 0.703351 0.112363 0.048485 0.028070
0 0.692116 0.107375 0.048485 0.028070
0 0.710331 0.108950 0.048485 0.028070
0 0.710646 0.109106 0.048485 0.028070
0 0.711296 0.113577 0.048485 0.028070
0 0.709409 0.108589 0.048485 0.028070
0 0.715907 0.107327 0.048485 0.028070
0 0.707271 0.105656 0.048485 0.028070
0 0.704546 0.104779 0.048485 0.028070
0 0.704232 0.102567 0.048485 0.028070
0 0.703812 0.102831 0.048485 0.028070
0 0.704441 0.103300 0.048485 0.028070
0 0.699976 0.104094 0.048485 0.028070
0 0.700039 0.105993 0.048485 0.028070
0 0.694170 0.104298 0.048485 0.028070
0 0.720225 0.105139 0.048485 0.028070
0 0.725172 0.104755 0.048485 0.028070
0 0.727730 0.105308 0.048485 0.028070
0 0.717752 0.101822 0.048485 0.028070
0 0.717626 0.106798 0.048485 0.028070
0 0.720100 0.110813 0.048485 0.028070
0 0.719219 0.111762 0.048485 0.028070
0 0.720498 0.111882 0.048485 0.028070
0 0.720728 0.113770 0.048485 0.028070
0 0.719555 0.113806 0.048485 0.028070
0 0.720498 0.113397 0.048485 0.028070
0 0.720267 0.114323 0.048485 0.028070
0 0.729826 0.113277 0.048485 0.028070
0 0.728338 0.112435 0.048485 0.028070
0 0.727835 0.111269 0.048485 0.028070
0 0.728149 0.111810 0.048485 0.028070
0 0.725738 0.111185 0.048485 0.028070
0 0.725948 0.111474 0.048485 0.028070
0 0.725613 0.109358 0.048485 0.028070
0 0.725550 0.109911 0.048485 0.028070
0 0.725843 0.106149 0.048485 0.028070
0 0.732844 0.103264 0.048485 0.028070
0 0.725005 0.111654 0.048485 0.028070
0 0.724439 0.111534 0.048485 0.028070
0 0.726262 0.110200 0.048485 0.028070
0 0.724627 0.109214 0.048485 0.028070
0 0.725340 0.109214 0.048485 0.028070
0 0.724753 0.104682 0.048485 0.028070
0 0.725319 0.105259 0.048485 0.028070
0 0.743778 0.103791 0.048485 0.028070
0 0.740743 0.100673 0.048485 0.028070
0 0.736608 0.101544 0.048485 0.028070
0 0.757485 0.104689 0.048485 0.028070
0 0.744162 0.104077 0.048485 0.028070
0 0.746429 0.104661 0.048485 0.028070
0 0.751232 0.102442 0.048485 0.028070
0 0.744779 0.101830 0.048485 0.028070
0 0.770257 0.108265 0.048485 0.028070
0 0.770241 0.106726 0.048485 0.028070
0 0.766822 0.105703 0.048485 0.028070
0 0.762820 0.105053 0.048485 0.028070
0 0.770641 0.105311 0.048485 0.028070
0 0.774780 0.101000 0.048485 0.028070
0 0.774555 0.100444 0.048485 0.028070
0 0.768731 0.099690 0.048485 0.028070
0 0.765150 0.094695 0.048485 0.028070
0 0.765360 0.094964 0.048485 0.028070
0 0.747656 0.095473 0.048485 0.028070
0 0.739870 0.093046 0.048485 0.028070
0 0.740290 0.092944 0.048485 0.028070
0 0.741081 0.092648 0.048485 0.028070
0 0.741162 0.093370 0.048485 0.028070
0 0.726365 0.091777 0.048485 0.028070
0 0.726042 0.091981 0.048485 0.028070
0 0.725477 0.092500 0.048485 0.028070
0 0.725218 0.092231 0.048485 0.028070
0 0.725105 0.089360 0.048485 0.028070
0 0.726269 0.093545 0.048485 0.028070
0 0.727087 0.093662 0.048485 0.028070
0 0.732592 0.097352 0.048485 0.028070
0 0.730304 0.096552 0.048485 0.028070
0 0.728147 0.097011 0.048485 0.028070
0 0.721694 0.095656 0.048485 0.028070
0 0.721266 0.093641 0.048485 0.028070
0 0.719454 0.093752 0.048485 0.028070
0 0.718536 0.093644 0.048485 0.028070
0 0.717873 0.093976 0.048485 0.028070
0 0.718315 0.095575 0.048485 0.028070
0 0.711495 0.094688 0.048485 0.028070
0 0.711121 0.095234 0.048485 0.028070
0 0.709828 0.095322 0.048485 0.028070
0 0.709675 0.098384 0.048485 0.028070
0 0.708212 0.099535 0.048485 0.028070
0 0.707532 0.099584 0.048485 0.028070
0 0.702991 0.098794 0.048485 0.028070
0 0.702838 0.102432 0.048485 0.028070
0 0.704216 0.101368 0.048485 0.028070
0 0.704029 0.101632 0.048485 0.028070
0 0.703654 0.098004 0.048485 0.028070
0 0.704267 0.098189 0.048485 0.028070
0 0.704301 0.098589 0.048485 0.028070
0 0.706563 0.099496 0.048485 0.028070
0 0.705287 0.098950 0.048485 0.028070
0 0.705610 0.098589 0.048485 0.028070
0 0.709667 0.096138 0.048485 0.028070
0 0.709417 0.096995 0.048485 0.028070
0 0.709006 0.097138 0.048485 0.028070
0 0.704769 0.097639 0.048485 0.028070
0 0.703921 0.097424 0.048485 0.028070
0 0.703734 0.097217 0.048485 0.028070
0 0.705192 0.097160 0.048485 0.028070
0 0.705404 0.097317 0.048485 0.028070
0 0.705479 0.097610 0.048485 0.028070
0 0.706127 0.097460 0.048485 0.028070
0 0.706414 0.097782 0.048485 0.028070
0 0.707012 0.097467 0.048485 0.028070
0 0.707710 0.097617 0.048485 0.028070
0 0.707486 0.096952 0.048485 0.028070
0 0.707984 0.097038 0.048485 0.028070
0 0.709143 0.098017 0.048485 0.028070
0 0.708433 0.098075 0.048485 0.028070
0 0.706862 0.098310 0.048485 0.028070
0 0.706601 0.098053 0.048485 0.028070
0 0.700895 0.120622 0.048485 0.028070
0 0.705741 0.120922 0.048485 0.028070
0 0.706483 0.112663 0.048485 0.028070
0 0.712182 0.110251 0.048485 0.028070
0 0.719523 0.111108 0.048485 0.028070
0 0.726183 0.106763 0.048485 0.028070
0 0.748097 0.094171 0.048485 0.028070
0 0.742863 0.124515 0.048485 0.028070
0 0.712098 0.116652 0.048485 0.028070
0 0.736401 0.089593 0.048485 0.028070