0 0.635861 0.195012 0.091429 0.051780
0 0.603801 0.195668 0.091429 0.051780
0 0.604183 0.197552 0.091429 0.051780
0 0.639244 0.201267 0.091429 0.051780
0 0.634670 0.203562 0.091429 0.051780
0 0.637719 0.204327 0.091429 0.051780
0 0.622713 0.205911 0.091429 0.051780
0 0.615234 0.207195 0.091429 0.051780
0 0.629383 0.207769 0.091429 0.051780
0 0.325886 0.286249 0.091429 0.051780
0 0.325838 0.288188 0.091429 0.051780
0 0.339415 0.288325 0.091429 0.051780
0 0.327077 0.292477 0.091429 0.051780
0 0.326982 0.292941 0.091429 0.051780
0 0.325314 0.293515 0.091429 0.051780
0 0.333460 0.293788 0.091429 0.051780
0 0.325696 0.294908 0.091429 0.051780
0 0.326505 0.294908 0.091429 0.051780
0 0.331460 0.295127 0.091429 0.051780
0 0.329030 0.295427 0.091429 0.051780
0 0.327744 0.295728 0.091429 0.051780
0 0.332365 0.295782 0.091429 0.051780
0 0.326982 0.295974 0.091429 0.051780
0 0.327696 0.296411 0.091429 0.051780
0 0.326886 0.296547 0.091429 0.051780
0 0.327982 0.297121 0.091429 0.051780
0 0.330840 0.297285 0.091429 0.051780
0 0.327315 0.297421 0.091429 0.051780
0 0.328982 0.298050 0.091429 0.051780
0 0.326839 0.298159 0.091429 0.051780
0 0.324981 0.299552 0.091429 0.051780
0 0.330030 0.299852 0.091429 0.051780
0 0.327887 0.299962 0.091429 0.051780
0 0.326029 0.300972 0.091429 0.051780
0 0.585898 0.192923 0.091429 0.051780
0 0.582132 0.195589 0.091429 0.051780
0 0.580366 0.200448 0.091429 0.051780
0 0.578719 0.204869 0.091429 0.051780
0 0.579366 0.206826 0.091429 0.051780
0 0.580661 0.208277 0.091429 0.051780
0 0.592136 0.209897 0.091429 0.051780
0 0.618441 0.210572 0.091429 0.051780
0 0.633624 0.209762 0.091429 0.051780
0 0.640157 0.204329 0.091429 0.051780
0 0.641039 0.199537 0.091429 0.051780
0 0.641098 0.196095 0.091429 0.051780
0 0.638273 0.193834 0.091429 0.051780
0 0.625268 0.190662 0.091429 0.051780
0 0.606554 0.188165 0.091429 0.051780
0 0.598315 0.189481 0.091429 0.051780
0 0.592313 0.190324 0.091429 0.051780
0 0.318484 0.286832 0.091429 0.051780
0 0.322561 0.285601 0.091429 0.051780
0 0.332863 0.286216 0.091429 0.051780
0 0.340642 0.288031 0.091429 0.051780
0 0.344076 0.291293 0.091429 0.051780
0 0.344774 0.295446 0.091429 0.051780
0 0.340321 0.299415 0.091429 0.051780
0 0.332273 0.301692 0.091429 0.051780
0 0.327658 0.302276 0.091429 0.051780
0 0.325137 0.302245 0.091429 0.051780
0 0.321113 0.301107 0.091429 0.051780
0 0.319235 0.299846 0.091429 0.051780
0 0.313923 0.298184 0.091429 0.051780
0 0.310436 0.292523 0.091429 0.051780
0 0.311348 0.291231 0.091429 0.051780
0 0.313709 0.288616 0.091429 0.051780
0 0.591778 0.208154 0.091429 0.051780
0 0.587561 0.199780 0.091429 0.051780
0 0.589661 0.200525 0.091429 0.051780
0 0.601587 0.200167 0.091429 0.051780
0 0.602462 0.195192 0.091429 0.051780
0 0.595587 0.192482 0.091429 0.051780
0 0.606362 0.189113 0.091429 0.051780
0 0.625763 0.193056 0.091429 0.051780
0 0.622588 0.194633 0.091429 0.051780
0 0.622688 0.198633 0.091429 0.051780
0 0.630714 0.199006 0.091429 0.051780
0 0.616513 0.208195 0.091429 0.051780
0 0.615938 0.207421 0.091429 0.051780
0 0.616438 0.206876 0.091429 0.051780
0 0.616038 0.206489 0.091429 0.051780
0 0.608787 0.204023 0.091429 0.051780
0 0.631064 0.208095 0.091429 0.051780
0 0.632789 0.207808 0.091429 0.051780
0 0.632339 0.207507 0.091429 0.051780
0 0.634264 0.204109 0.091429 0.051780
0 0.634314 0.203249 0.091429 0.051780
0 0.639289 0.203092 0.091429 0.051780
0 0.638889 0.202246 0.091429 0.051780
0 0.636789 0.202575 0.091429 0.051780
0 0.632664 0.200970 0.091429 0.051780
0 0.322055 0.299659 0.091429 0.051780
0 0.324204 0.299528 0.091429 0.051780
0 0.324977 0.301105 0.091429 0.051780
0 0.325149 0.301549 0.091429 0.051780
0 0.329046 0.301154 0.091429 0.051780
0 0.329504 0.300711 0.091429 0.051780
0 0.333744 0.299101 0.091429 0.051780
0 0.333515 0.299741 0.091429 0.051780
0 0.337898 0.300727 0.091429 0.051780
0 0.332713 0.298690 0.091429 0.051780
0 0.330077 0.298312 0.091429 0.051780
0 0.329905 0.298674 0.091429 0.051780
0 0.330220 0.299150 0.091429 0.051780
0 0.328530 0.298821 0.091429 0.051780
0 0.325951 0.297507 0.091429 0.051780
0 0.326295 0.297261 0.091429 0.051780
0 0.326324 0.296768 0.091429 0.051780
0 0.327298 0.296817 0.091429 0.051780
0 0.328559 0.296406 0.091429 0.051780
0 0.327814 0.296111 0.091429 0.051780
0 0.326095 0.294435 0.091429 0.051780
0 0.324462 0.293630 0.091429 0.051780
0 0.321081 0.292611 0.091429 0.051780
0 0.316153 0.292825 0.091429 0.051780
0 0.316497 0.291872 0.091429 0.051780
0 0.316010 0.290952 0.091429 0.051780
0 0.320307 0.289605 0.091429 0.051780
0 0.321568 0.289687 0.091429 0.051780
0 0.321826 0.291396 0.091429 0.051780
0 0.326782 0.287617 0.091429 0.051780
0 0.326095 0.288751 0.091429 0.051780
0 0.325063 0.288685 0.091429 0.051780
0 0.324576 0.289671 0.091429 0.051780
0 0.329705 0.289474 0.091429 0.051780
0 0.328960 0.290361 0.091429 0.051780
0 0.329189 0.291231 0.091429 0.051780
0 0.331710 0.291149 0.091429 0.051780
0 0.333429 0.293203 0.091429 0.051780
0 0.333945 0.293400 0.091429 0.051780
0 0.330134 0.294911 0.091429 0.051780
0 0.328501 0.294649 0.091429 0.051780
0 0.327298 0.292119 0.091429 0.051780
0 0.328358 0.292250 0.091429 0.051780
0 0.334747 0.294895 0.091429 0.051780
0 0.334518 0.295799 0.091429 0.051780
0 0.333802 0.296636 0.091429 0.051780
0 0.331681 0.297934 0.091429 0.051780
0 0.332054 0.298230 0.091429 0.051780
0 0.328530 0.301056 0.091429 0.051780
0 0.327556 0.301121 0.091429 0.051780
0 0.329046 0.301532 0.091429 0.051780
0 0.328243 0.301532 0.091429 0.051780
0 0.327699 0.301565 0.091429 0.051780
0 0.328212 0.301755 0.091429 0.051780
0 0.333372 0.300875 0.091429 0.051780
0 0.331882 0.298805 0.091429 0.051780
0 0.331395 0.299019 0.091429 0.051780
0 0.331108 0.299281 0.091429 0.051780
0 0.332054 0.299446 0.091429 0.051780
0 0.331137 0.299741 0.091429 0.051780
0 0.331853 0.299758 0.091429 0.051780
0 0.332942 0.298000 0.091429 0.051780
0 0.327728 0.297786 0.091429 0.051780
0 0.327183 0.297622 0.091429 0.051780
0 0.325694 0.300842 0.091429 0.051780
0 0.327269 0.300497 0.091429 0.051780
0 0.326983 0.300300 0.091429 0.051780
0 0.323344 0.299183 0.091429 0.051780
0 0.323803 0.299183 0.091429 0.051780
0 0.323889 0.298854 0.091429 0.051780
0 0.321854 0.298608 0.091429 0.051780
0 0.320537 0.300169 0.091429 0.051780
0 0.326087 0.285737 0.091429 0.051780
0 0.325713 0.287637 0.091429 0.051780
0 0.325313 0.287112 0.091429 0.051780
0 0.326025 0.286544 0.091429 0.051780
0 0.327096 0.289097 0.091429 0.051780
0 0.324373 0.289398 0.091429 0.051780
0 0.324919 0.289322 0.091429 0.051780
0 0.325312 0.289204 0.091429 0.051780
0 0.325894 0.289280 0.091429 0.051780
0 0.325650 0.289624 0.091429 0.051780
0 0.332080 0.288994 0.091429 0.051780
0 0.332142 0.288480 0.091429 0.051780
0 0.325888 0.293991 0.091429 0.051780
0 0.327348 0.293130 0.091429 0.051780
0 0.327285 0.293991 0.091429 0.051780
0 0.327098 0.295258 0.091429 0.051780
0 0.330079 0.298952 0.091429 0.051780
0 0.331142 0.298736 0.091429 0.051780
0 0.332726 0.298342 0.091429 0.051780
0 0.332518 0.298521 0.091429 0.051780
0 0.326785 0.299095 0.091429 0.051780
0 0.327118 0.299286 0.091429 0.051780
0 0.325805 0.299729 0.091429 0.051780
0 0.326847 0.299776 0.091429 0.051780
0 0.328369 0.300733 0.091429 0.051780
0 0.330350 0.300529 0.091429 0.051780
0 0.332955 0.298987 0.091429 0.051780
0 0.338667 0.296322 0.091429 0.051780
0 0.341398 0.294756 0.091429 0.051780
0 0.590591 0.204128 0.091429 0.051780
0 0.594531 0.205608 0.091429 0.051780
0 0.584722 0.197351 0.091429 0.051780
0 0.586271 0.197195 0.091429 0.051780
0 0.586651 0.196946 0.091429 0.051780
0 0.607789 0.196416 0.091429 0.051780
0 0.615071 0.204081 0.091429 0.051780
0 0.635340 0.208537 0.091429 0.051780
0 0.635965 0.208163 0.091429 0.051780
0 0.638953 0.206294 0.091429 0.051780
0 0.637459 0.204720 0.091429 0.051780
0 0.637595 0.204954 0.091429 0.051780
0 0.638546 0.204377 0.091429 0.051780
0 0.638763 0.204658 0.091429 0.051780
0 0.639132 0.204894 0.091429 0.051780
0 0.639443 0.204992 0.091429 0.051780
0 0.636876 0.205521 0.091429 0.051780
0 0.637349 0.202809 0.091429 0.051780
0 0.638139 0.202475 0.091429 0.051780
0 0.638045 0.202325 0.091429 0.051780
0 0.639906 0.200643 0.091429 0.051780
0 0.627181 0.202885 0.091429 0.051780
0 0.632745 0.201171 0.091429 0.051780
0 0.631504 0.195977 0.091429 0.051780
0 0.621687 0.194082 0.091429 0.051780
0 0.324739 0.286085 0.091429 0.051780
0 0.328425 0.291352 0.091429 0.051780
0 0.327334 0.291581 0.091429 0.051780
0 0.327747 0.291826 0.091429 0.051780
0 0.327599 0.291335 0.091429 0.051780
0 0.580884 0.204985 0.091429 0.051780
0 0.594239 0.199550 0.091429 0.051780
0 0.313928 0.296736 0.091429 0.051780
0 0.323449 0.301603 0.091429 0.051780
0 0.326145 0.301653 0.091429 0.051780
0 0.601818 0.197933 0.091429 0.051780
0 0.607190 0.193312 0.091429 0.051780
0 0.626938 0.199986 0.091429 0.051780
0 0.620671 0.200940 0.091429 0.051780
0 0.632460 0.207677 0.091429 0.051780