0 0.383861 0.979621 0.091429 0.040758
0 0.384956 0.980618 0.091429 0.038764
0 0.384670 0.982203 0.091429 0.035595
0 0.382193 0.982298 0.091429 0.035404
0 0.376479 0.982492 0.091429 0.035016
0 0.384242 0.982517 0.091429 0.034967
0 0.375439 0.982631 0.091429 0.034739
0 0.379851 0.982743 0.091429 0.034515
0 0.383861 0.982790 0.091429 0.034420
0 0.384670 0.982776 0.091429 0.034448
0 0.383479 0.982885 0.091429 0.034229
0 0.384385 0.982926 0.091429 0.034147
0 0.381431 0.982967 0.091429 0.034065
0 0.383146 0.983364 0.091429 0.033273
0 0.382622 0.983582 0.091429 0.032836
0 0.381526 0.983664 0.091429 0.032672
0 0.381482 0.984058 0.091429 0.031884
0 0.363601 0.984924 0.091429 0.030152
0 0.367759 0.986163 0.091429 0.027673
0 0.353944 0.986259 0.091429 0.027482
0 0.362043 0.986450 0.091429 0.027099
0 0.385718 0.986560 0.091429 0.026881
0 0.364663 0.986601 0.091429 0.026799
0 0.358470 0.986669 0.091429 0.026662
0 0.365187 0.987120 0.091429 0.025761
0 0.383908 0.987297 0.091429 0.025406
0 0.364663 0.988021 0.091429 0.023958
0 0.390006 0.988199 0.091429 0.023603
0 0.389971 0.989336 0.091429 0.021327
0 0.372211 0.990558 0.091429 0.018883
0 0.407203 0.982913 0.091429 0.034174
0 0.401248 0.986273 0.091429 0.027455
0 0.432069 0.986819 0.091429 0.026362
0 0.403296 0.987434 0.091429 0.025133
0 0.405250 0.988444 0.091429 0.023111
0 0.406202 0.988595 0.091429 0.022811
0 0.407378 0.989191 0.091429 0.021618
0 0.403154 0.989264 0.091429 0.021472
0 0.408584 0.989305 0.091429 0.021390
0 0.409259 0.989922 0.091429 0.020156
0 0.405964 0.990357 0.091429 0.019287
0 0.408950 0.990353 0.091429 0.019294
0 0.406536 0.990398 0.091429 0.019205
0 0.398152 0.991190 0.091429 0.017621
0 0.406869 0.991408 0.091429 0.017184
0 0.427993 0.991483 0.091429 0.017034
0 0.405869 0.991504 0.091429 0.016992
0 0.411347 0.991859 0.091429 0.016282
0 0.428369 0.992102 0.091429 0.015796
0 0.392245 0.992276 0.091429 0.015447
0 0.370427 0.992501 0.091429 0.014998
0 0.389958 0.993307 0.091429 0.013387
0 0.381145 0.993689 0.091429 0.012622
0 0.363758 0.995069 0.091429 0.009863
0 0.429409 0.992369 0.091429 0.015263
0 0.427401 0.992556 0.091429 0.014889
0 0.417873 0.992624 0.091429 0.014752
0 0.392388 0.992801 0.091429 0.014397
0 0.402820 0.993498 0.091429 0.013004
0 0.424638 0.993689 0.091429 0.012622
0 0.401010 0.993935 0.091429 0.012130
0 0.398580 0.995096 0.091429 0.009808
0 0.397670 0.997124 0.091429 0.005753
0 0.402963 0.998374 0.091429 0.003252
0 0.382646 0.979185 0.091429 0.041631
0 0.363701 0.980831 0.091429 0.038337
0 0.357733 0.982692 0.091429 0.034616
0 0.349230 0.985194 0.091429 0.029612
0 0.348633 0.988124 0.091429 0.023752
0 0.350424 0.991161 0.091429 0.017678
0 0.351169 0.992979 0.091429 0.014043
0 0.361164 0.995759 0.091429 0.008482
0 0.374740 0.996465 0.091429 0.007071
0 0.386802 0.998543 0.091429 0.002913
0 0.402994 0.998877 0.091429 0.002246
0 0.414222 0.995728 0.091429 0.008544
0 0.424417 0.994604 0.091429 0.010792
0 0.430309 0.992358 0.091429 0.015283
0 0.435232 0.988274 0.091429 0.023453
0 0.435232 0.987333 0.091429 0.025335
0 0.429638 0.983547 0.091429 0.032905
0 0.417480 0.980853 0.091429 0.038294
0 0.404576 0.980147 0.091429 0.039706
0 0.403040 0.993502 0.091429 0.012996
0 0.410123 0.995525 0.091429 0.008950
0 0.409709 0.995800 0.091429 0.008400
0 0.408655 0.996255 0.091429 0.007491
0 0.407834 0.996441 0.091429 0.007117
0 0.405704 0.996692 0.091429 0.006616
0 0.398379 0.997490 0.091429 0.005021
0 0.395043 0.996509 0.091429 0.006981
0 0.395513 0.996466 0.091429 0.007068
0 0.392563 0.996533 0.091429 0.006933
0 0.382914 0.995715 0.091429 0.008569
0 0.364117 0.993823 0.091429 0.012355
0 0.381566 0.994664 0.091429 0.010673
0 0.381801 0.993933 0.091429 0.012134
0 0.386461 0.994654 0.091429 0.010692
0 0.396610 0.994522 0.091429 0.010955
0 0.398362 0.994169 0.091429 0.011663
0 0.389679 0.993928 0.091429 0.012143
0 0.385225 0.993633 0.091429 0.012734
0 0.428558 0.992570 0.091429 0.014860
0 0.415216 0.992332 0.091429 0.015336
0 0.413366 0.992147 0.091429 0.015706
0 0.409023 0.992459 0.091429 0.015081
0 0.407229 0.991753 0.091429 0.016495
0 0.405619 0.991310 0.091429 0.017379
0 0.405653 0.991171 0.091429 0.017658
0 0.406542 0.990570 0.091429 0.018860
0 0.397588 0.991272 0.091429 0.017456
0 0.390780 0.993228 0.091429 0.013543
0 0.387661 0.991666 0.091429 0.016668
0 0.387912 0.991503 0.091429 0.016995
0 0.387342 0.991454 0.091429 0.017091
0 0.382664 0.993286 0.091429 0.013428
0 0.381976 0.992671 0.091429 0.014658
0 0.382429 0.992180 0.091429 0.015639
0 0.381876 0.991998 0.091429 0.016004
0 0.384760 0.992315 0.091429 0.015370
0 0.385112 0.992113 0.091429 0.015774
0 0.383184 0.992272 0.091429 0.015456
0 0.382832 0.992248 0.091429 0.015504
0 0.388885 0.990705 0.091429 0.018591
0 0.390008 0.990791 0.091429 0.018418
0 0.391115 0.991060 0.091429 0.017879
0 0.376074 0.992065 0.091429 0.015870
0 0.371278 0.992147 0.091429 0.015706
0 0.357478 0.992147 0.091429 0.015706
0 0.351962 0.991378 0.091429 0.017245
0 0.351241 0.990815 0.091429 0.018370
0 0.355265 0.990262 0.091429 0.019476
0 0.364370 0.990406 0.091429 0.019187
0 0.363609 0.989158 0.091429 0.021683
0 0.361771 0.988202 0.091429 0.023596
0 0.354328 0.987126 0.091429 0.025749
0 0.354944 0.986976 0.091429 0.026048
0 0.351177 0.987968 0.091429 0.024064
0 0.365161 0.988521 0.091429 0.022959
0 0.369263 0.988574 0.091429 0.022852
0 0.369729 0.988318 0.091429 0.023365
0 0.362998 0.987248 0.091429 0.025503
0 0.363631 0.987473 0.091429 0.025055
0 0.364080 0.986693 0.091429 0.026615
0 0.364732 0.986901 0.091429 0.026198
0 0.364881 0.986714 0.091429 0.026572
0 0.365422 0.986864 0.091429 0.026273
0 0.365515 0.986725 0.091429 0.026551
0 0.365291 0.986479 0.091429 0.027043
0 0.366131 0.986564 0.091429 0.026872
0 0.366017 0.986765 0.091429 0.026471
0 0.366503 0.986660 0.091429 0.026679
0 0.367380 0.986479 0.091429 0.027043
0 0.367566 0.986340 0.091429 0.027321
0 0.367753 0.986543 0.091429 0.026914
0 0.365711 0.986409 0.091429 0.027182
0 0.369005 0.986408 0.091429 0.027184
0 0.368405 0.986794 0.091429 0.026412
0 0.361861 0.986217 0.091429 0.027567
0 0.360351 0.986126 0.091429 0.027748
0 0.370027 0.986409 0.091429 0.027182
0 0.370941 0.986527 0.091429 0.026946
0 0.371500 0.986928 0.091429 0.026145
0 0.371183 0.986767 0.091429 0.026465
0 0.375117 0.987126 0.091429 0.025749
0 0.375546 0.987232 0.091429 0.025535
0 0.374689 0.986981 0.091429 0.026038
0 0.377299 0.987740 0.091429 0.024519
0 0.369200 0.986542 0.091429 0.026916
0 0.382128 0.988820 0.091429 0.022360
0 0.383713 0.988606 0.091429 0.022787
0 0.397473 0.988168 0.091429 0.023664
0 0.398368 0.986676 0.091429 0.026647
0 0.399664 0.986838 0.091429 0.026323
0 0.400791 0.987008 0.091429 0.025984
0 0.404166 0.987649 0.091429 0.024701
0 0.404371 0.988547 0.091429 0.022905
0 0.409387 0.987580 0.091429 0.024840
0 0.410319 0.987607 0.091429 0.024787
0 0.409666 0.989146 0.091429 0.021708
0 0.411475 0.992049 0.091429 0.015902
0 0.415707 0.988991 0.091429 0.022018
0 0.418437 0.987942 0.091429 0.024116
0 0.421599 0.987088 0.091429 0.025824
0 0.422531 0.989430 0.091429 0.021141
0 0.405251 0.985742 0.091429 0.028516
0 0.405112 0.984911 0.091429 0.030178
0 0.418414 0.983952 0.091429 0.032096
0 0.419070 0.981415 0.091429 0.037170
0 0.391713 0.981182 0.091429 0.037637
0 0.390599 0.982890 0.091429 0.034221
0 0.369161 0.984908 0.091429 0.030184
0 0.369438 0.982777 0.091429 0.034447
0 0.376696 0.982966 0.091429 0.034069
0 0.376670 0.982695 0.091429 0.034611
0 0.382641 0.983420 0.091429 0.033161
0 0.374879 0.983888 0.091429 0.032223
0 0.375892 0.983989 0.091429 0.032022
0 0.376801 0.984388 0.091429 0.031223
0 0.384782 0.985405 0.091429 0.029191
0 0.382131 0.984697 0.091429 0.030606
0 0.385728 0.982336 0.091429 0.035328
0 0.386331 0.982115 0.091429 0.035770
0 0.388117 0.982025 0.091429 0.035949
0 0.389718 0.981513 0.091429 0.036974
0 0.381133 0.981912 0.091429 0.036176
0 0.389587 0.981904 0.091429 0.036192
0 0.353462 0.985097 0.091429 0.029806
0 0.357792 0.985220 0.091429 0.029560
0 0.359432 0.984338 0.091429 0.031324
0 0.360865 0.984546 0.091429 0.030907
0 0.389009 0.980753 0.091429 0.038495
0 0.382734 0.982424 0.091429 0.035153
0 0.384992 0.979435 0.091429 0.041129
0 0.383890 0.981295 0.091429 0.037411
0 0.383111 0.984191 0.091429 0.031619
0 0.397278 0.995508 0.091429 0.008984
0 0.397432 0.995848 0.091429 0.008303
0 0.401817 0.997313 0.091429 0.005375
0 0.404203 0.997331 0.091429 0.005338
0 0.398078 0.997749 0.091429 0.004502
0 0.393718 0.996743 0.091429 0.006514
0 0.391255 0.996961 0.091429 0.006077
0 0.387399 0.996772 0.091429 0.006456
0 0.383763 0.997727 0.091429 0.004547
0 0.385413 0.995974 0.091429 0.008052
0 0.382473 0.995900 0.091429 0.008200
0 0.384407 0.995168 0.091429 0.009664
0 0.386252 0.995042 0.091429 0.009916
0 0.395150 0.994351 0.091429 0.011298
0 0.399250 0.994366 0.091429 0.011269
0 0.399406 0.993719 0.091429 0.012562
0 0.396220 0.993556 0.091429 0.012888
0 0.395292 0.993556 0.091429 0.012888
0 0.383608 0.993475 0.091429 0.013051
0 0.386522 0.996189 0.091429 0.007623
0 0.387245 0.996089 0.091429 0.007823
0 0.364857 0.994473 0.091429 0.011054
0 0.360059 0.994007 0.091429 0.011986
0 0.360369 0.991559 0.091429 0.016881
0 0.362983 0.990232 0.091429 0.019535
0 0.365708 0.990435 0.091429 0.019129
0 0.364031 0.988594 0.091429 0.022812
0 0.365837 0.988675 0.091429 0.022649
0 0.368906 0.988431 0.091429 0.023138
0 0.372001 0.990672 0.091429 0.018656
0 0.378965 0.992040 0.091429 0.015920
0 0.379429 0.992033 0.091429 0.015935
0 0.381673 0.992247 0.091429 0.015506
0 0.382576 0.991826 0.091429 0.016349
0 0.383453 0.992025 0.091429 0.015950
0 0.388534 0.991012 0.091429 0.017976
0 0.388147 0.991278 0.091429 0.017444
0 0.390043 0.990180 0.091429 0.019639
0 0.390959 0.989781 0.091429 0.020438
0 0.388766 0.989563 0.091429 0.020875
0 0.398877 0.990665 0.091429 0.018671
0 0.402539 0.991951 0.091429 0.016098
0 0.398373 0.993976 0.091429 0.012047
0 0.407884 0.992132 0.091429 0.015737
0 0.414677 0.992279 0.091429 0.015441
0 0.420870 0.992567 0.091429 0.014866
0 0.421989 0.993507 0.091429 0.012986
0 0.404407 0.988794 0.091429 0.022412
0 0.404478 0.989053 0.091429 0.021894
0 0.400914 0.989271 0.091429 0.021458
0 0.393476 0.987922 0.091429 0.024156
0 0.394141 0.986989 0.091429 0.026023
0 0.397706 0.986512 0.091429 0.026977
0 0.398728 0.986307 0.091429 0.027385
0 0.401009 0.986546 0.091429 0.026908
0 0.402696 0.985973 0.091429 0.028053
0 0.405360 0.986640 0.091429 0.026720
0 0.405120 0.986975 0.091429 0.026050
0 0.403789 0.987370 0.091429 0.025260
0 0.388937 0.988460 0.091429 0.023079
0 0.388200 0.986818 0.091429 0.026363
0 0.390140 0.986143 0.091429 0.027713
0 0.384493 0.986164 0.091429 0.027671
0 0.382150 0.986100 0.091429 0.027800
0 0.379996 0.988305 0.091429 0.023389
0 0.383215 0.988393 0.091429 0.023214
0 0.375273 0.987827 0.091429 0.024347
0 0.373728 0.987690 0.091429 0.024619
0 0.365055 0.987929 0.091429 0.024142
0 0.365364 0.987718 0.091429 0.024565
0 0.364223 0.987520 0.091429 0.024960
0 0.363843 0.987772 0.091429 0.024456
0 0.364104 0.987077 0.091429 0.025846
0 0.366077 0.986941 0.091429 0.026118
0 0.366694 0.986328 0.091429 0.027344
0 0.368999 0.986048 0.091429 0.027903
0 0.368595 0.985878 0.091429 0.028244
0 0.356895 0.984604 0.091429 0.030791
0 0.354060 0.984869 0.091429 0.030261
0 0.354587 0.984980 0.091429 0.030040
0 0.355668 0.984141 0.091429 0.031719
0 0.356167 0.984304 0.091429 0.031392
0 0.360825 0.984788 0.091429 0.030424
0 0.370901 0.984366 0.091429 0.031269
0 0.376088 0.983523 0.091429 0.032953
0 0.377117 0.983697 0.091429 0.032607
0 0.378468 0.984175 0.091429 0.031650
0 0.380335 0.984529 0.091429 0.030942
0 0.384349 0.984855 0.091429 0.030290
0 0.384501 0.985173 0.091429 0.029653
0 0.383766 0.984992 0.091429 0.030017
0 0.389062 0.983338 0.091429 0.033323
0 0.385159 0.982076 0.091429 0.035848
0 0.383495 0.981586 0.091429 0.036829
0 0.385277 0.980502 0.091429 0.038995
0 0.398910 0.982066 0.091429 0.035868
0 0.402028 0.983144 0.091429 0.033712
0 0.406094 0.982356 0.091429 0.035289
0 0.401056 0.981095 0.091429 0.037810
0 0.402635 0.981330 0.091429 0.037341
0 0.407499 0.982604 0.091429 0.034791
0 0.393595 0.983071 0.091429 0.033858
0 0.414316 0.981661 0.091429 0.036679
0 0.418572 0.982321 0.091429 0.035358
0 0.400058 0.987288 0.091429 0.025423
0 0.398743 0.986628 0.091429 0.026745
0 0.409279 0.988999 0.091429 0.022003
0 0.410752 0.988637 0.091429 0.022725
0 0.424107 0.990784 0.091429 0.018433
0 0.391940 0.993174 0.091429 0.013652
0 0.357110 0.993168 0.091429 0.013665
0 0.369221 0.992220 0.091429 0.015560
0 0.352036 0.992865 0.091429 0.014271
0 0.363493 0.994318 0.091429 0.011365
0 0.365167 0.994890 0.091429 0.010220
0 0.364021 0.995466 0.091429 0.009068
0 0.372544 0.990312 0.091429 0.019375
0 0.362218 0.992055 0.091429 0.015890
0 0.366068 0.988555 0.091429 0.022889
0 0.363377 0.989349 0.091429 0.021302
0 0.351970 0.988400 0.091429 0.023199
0 0.378071 0.987841 0.091429 0.024319
0 0.371770 0.987402 0.091429 0.025195
0 0.367204 0.986251 0.091429 0.027497
0 0.367783 0.986384 0.091429 0.027231
0 0.366432 0.986543 0.091429 0.026914
0 0.366380 0.986768 0.091429 0.026464
0 0.365133 0.986801 0.091429 0.026398
0 0.365236 0.987015 0.091429 0.025970
0 0.361531 0.986119 0.091429 0.027762
0 0.356218 0.984197 0.091429 0.031606
0 0.359074 0.984245 0.091429 0.031510
0 0.362779 0.983921 0.091429 0.032159
0 0.362277 0.983887 0.091429 0.032225
0 0.370098 0.983522 0.091429 0.032956
0 0.369018 0.983253 0.091429 0.033494
0 0.361814 0.982652 0.091429 0.034696
0 0.374575 0.983917 0.091429 0.032166
0 0.362187 0.983017 0.091429 0.033966
0 0.361968 0.983116 0.091429 0.033767
0 0.371192 0.981951 0.091429 0.036098
0 0.370317 0.981907 0.091429 0.036187
0 0.363872 0.981143 0.091429 0.037713
0 0.365094 0.981258 0.091429 0.037485
0 0.379592 0.983201 0.091429 0.033597
0 0.382345 0.983024 0.091429 0.033951
0 0.382525 0.982788 0.091429 0.034424
0 0.380994 0.982855 0.091429 0.034291
0 0.382885 0.982917 0.091429 0.034165
0 0.384043 0.982622 0.091429 0.034755
0 0.384583 0.982604 0.091429 0.034792
0 0.387645 0.982014 0.091429 0.035973
0 0.382743 0.981652 0.091429 0.036695
0 0.381702 0.981490 0.091429 0.037020
0 0.382062 0.981479 0.091429 0.037042
0 0.384918 0.979697 0.091429 0.040605
0 0.384030 0.979760 0.091429 0.040480
0 0.390552 0.981630 0.091429 0.036740
0 0.389729 0.981833 0.091429 0.036334
0 0.383567 0.982408 0.091429 0.035183
0 0.383001 0.983201 0.091429 0.033597
0 0.383477 0.983172 0.091429 0.033656
0 0.381856 0.983430 0.091429 0.033140
0 0.383168 0.984345 0.091429 0.031311
0 0.390526 0.986351 0.091429 0.027298
0 0.389716 0.990928 0.091429 0.018143
0 0.392559 0.991043 0.091429 0.017915
0 0.390706 0.993624 0.091429 0.012751
0 0.396135 0.993425 0.091429 0.013149
0 0.398258 0.994314 0.091429 0.011372
0 0.398849 0.994259 0.091429 0.011482
0 0.396637 0.994676 0.091429 0.010649
0 0.381393 0.994561 0.091429 0.010878
0 0.381187 0.995085 0.091429 0.009830
0 0.382139 0.995000 0.091429 0.010000
0 0.385316 0.996136 0.091429 0.007728
0 0.392739 0.996420 0.091429 0.007160
0 0.390809 0.997040 0.091429 0.005920
0 0.405783 0.997025 0.091429 0.005950
0 0.394321 0.994624 0.091429 0.010752
0 0.417438 0.992595 0.091429 0.014809
0 0.406928 0.990519 0.091429 0.018962
0 0.407044 0.990677 0.091429 0.018645
0 0.406195 0.990209 0.091429 0.019582
0 0.405629 0.986583 0.091429 0.026833
0 0.415688 0.984193 0.091429 0.031613
0 0.414518 0.981903 0.091429 0.036194
0 0.420937 0.983157 0.091429 0.033686
0 0.426090 0.991131 0.091429 0.017739
0 0.409307 0.985735 0.091429 0.028530
0 0.399461 0.986909 0.091429 0.026182
0 0.383731 0.988277 0.091429 0.023446
0 0.390724 0.990358 0.091429 0.019284
0 0.392675 0.987914 0.091429 0.024171
0 0.391551 0.987892 0.091429 0.024216
0 0.392081 0.987740 0.091429 0.024520
0 0.381808 0.986047 0.091429 0.027907
0 0.380807 0.985990 0.091429 0.028020
0 0.379842 0.983569 0.091429 0.032863
0 0.382030 0.983703 0.091429 0.032594
0 0.354038 0.984508 0.091429 0.030985
0 0.354474 0.985138 0.091429 0.029724
0 0.355953 0.990484 0.091429 0.019031
0 0.359823 0.990447 0.091429 0.019106
0 0.365961 0.990156 0.091429 0.019687
0 0.401669 0.985339 0.091429 0.029322
0 0.363667 0.991914 0.091429 0.016172
0 0.380347 0.992462 0.091429 0.015075
0 0.376435 0.992308 0.091429 0.015383
0 0.393308 0.997775 0.091429 0.004451
0 0.384453 0.998225 0.091429 0.003551
0 0.385291 0.998440 0.091429 0.003119
0 0.402932 0.993023 0.091429 0.013954
0 0.403062 0.992854 0.091429 0.014292
0 0.422281 0.993365 0.091429 0.013269